Date,Open,High,Low,Close,Adj Close,Volume
2023-10-26,24.110000610351562,24.950000762939453,23.829999923706055,23.989999771118164,23.989999771118164,272300
2023-10-27,23.719999313354492,23.854999542236328,22.09000015258789,22.520000457763672,22.520000457763672,275000
2023-10-30,22.850000381469727,23.545000076293945,22.68000030517578,23.149999618530273,23.149999618530273,140600
2023-10-31,22.950000762939453,24.049999237060547,22.950000762939453,23.850000381469727,23.850000381469727,169900
2023-11-01,23.600000381469727,24.200000762939453,23.399999618530273,24.010000228881836,24.010000228881836,119400
2023-11-02,23.899999618530273,24.06999969482422,23.520000457763672,23.770000457763672,23.770000457763672,110100
2023-11-03,25.190000534057617,25.639999389648438,23.030000686645508,23.18000030517578,23.18000030517578,196900
2023-11-06,22.600000381469727,23.239999771118164,21.299999237060547,23.110000610351562,23.110000610351562,280100
2023-11-07,22.549999237060547,23.770000457763672,22.06999969482422,23,23,399700
2023-11-08,23.489999771118164,23.489999771118164,21.514999389648438,21.93000030517578,21.93000030517578,347400
2023-11-09,22.3700008392334,22.59000015258789,21.510000228881836,22.139999389648438,22.139999389648438,241800
2023-11-10,21.649999618530273,22.59000015258789,21.3799991607666,22,22,280700
2023-11-13,22.059999465942383,22.43000030517578,21.389999389648438,22.079999923706055,22.079999923706055,104600
2023-11-14,22.1299991607666,22.899999618530273,21.93000030517578,22.59000015258789,22.59000015258789,126400
2023-11-15,21.75,23.700000762939453,21.75,23.510000228881836,23.510000228881836,558200
2023-11-16,23.610000610351562,23.610000610351562,22.200000762939453,22.950000762939453,22.950000762939453,203500
2023-11-17,23.18000030517578,25.770000457763672,22.6200008392334,25.770000457763672,25.770000457763672,142400
2023-11-20,25.950000762939453,28.190000534057617,25.950000762939453,27.959999084472656,27.959999084472656,208000
2023-11-21,27.959999084472656,29.12299919128418,27.520000457763672,27.93000030517578,27.93000030517578,140100
2023-11-22,28.31999969482422,28.729999542236328,27.354999542236328,28,28,265300
2023-11-24,28.25,29.207000732421875,28,28.8700008392334,28.8700008392334,97400
2023-11-27,28.979999542236328,28.979999542236328,27.43000030517578,28.290000915527344,28.290000915527344,240500
2023-11-28,28.299999237060547,28.299999237060547,26.3799991607666,27.469999313354492,27.469999313354492,223400
2023-11-29,27.350000381469727,28.614999771118164,26.84000015258789,28.43000030517578,28.43000030517578,191500
2023-11-30,28.450000762939453,29.780000686645508,28.1200008392334,29.760000228881836,29.760000228881836,618000
2023-12-01,29.15999984741211,30.420000076293945,29.15999984741211,29.829999923706055,29.829999923706055,224600
2023-12-04,28.959999084472656,30.530000686645508,28.280000686645508,28.940000534057617,28.940000534057617,389300
2023-12-05,27.959999084472656,31.719999313354492,27.270000457763672,31.670000076293945,31.670000076293945,353000
2023-12-06,31.700000762939453,34.61000061035156,31.610000610351562,34.060001373291016,34.060001373291016,329300
2023-12-07,34.86000061035156,38.20000076293945,33.88600158691406,37.0099983215332,37.0099983215332,518000
2023-12-08,37.0099983215332,37.939998626708984,35.5,37,37,196100
2023-12-11,37.900001525878906,38.27399826049805,34.81999969482422,35.5,35.5,599000
2023-12-12,35.939998626708984,37.459999084472656,35.5,37.2400016784668,37.2400016784668,529000
2023-12-13,37.0099983215332,39.2400016784668,37.0099983215332,38.56999969482422,38.56999969482422,578300
2023-12-14,38.150001525878906,38.25,35.040000915527344,37.18000030517578,37.18000030517578,1157500
2023-12-15,37.83000183105469,39.31999969482422,37.02000045776367,37.88999938964844,37.88999938964844,2120100
2023-12-18,37.88999938964844,38.619998931884766,37.47999954223633,38.150001525878906,38.150001525878906,401100
2023-12-19,38.150001525878906,38.810001373291016,37.959999084472656,38.459999084472656,38.459999084472656,526300
2023-12-20,37.75,38.77000045776367,35.93000030517578,36.0099983215332,36.0099983215332,277900
2023-12-21,36.41999816894531,37.75,36.40999984741211,36.86000061035156,36.86000061035156,190000
2023-12-22,37.47999954223633,38,37.13399887084961,37.88999938964844,37.88999938964844,180100
2023-12-26,38.08000183105469,40.59000015258789,37.810001373291016,40.06999969482422,40.06999969482422,254200
2023-12-27,40.06999969482422,40.327999114990234,38.31999969482422,39.470001220703125,39.470001220703125,179500
2023-12-28,39.459999084472656,39.970001220703125,38.43000030517578,39.470001220703125,39.470001220703125,180900
2023-12-29,39.599998474121094,40.7400016784668,39,40.25,40.25,255900
2024-01-02,40.290000915527344,40.38399887084961,37.04999923706055,37.95000076293945,37.95000076293945,281300
2024-01-03,35.90999984741211,38.349998474121094,35.70000076293945,36.040000915527344,36.040000915527344,172700
2024-01-04,35.70000076293945,37.09000015258789,35.70000076293945,36.70000076293945,36.70000076293945,194900
2024-01-05,36.15999984741211,37.75,36.15999984741211,37.150001525878906,37.150001525878906,757500
2024-01-08,36.5,40.59000015258789,36.20000076293945,40.58000183105469,40.58000183105469,248900
2024-01-09,40.77000045776367,42.499000549316406,39.75,41.77000045776367,41.77000045776367,175300
2024-01-10,41.959999084472656,42.775001525878906,41.189998626708984,41.4900016784668,41.4900016784668,117300
2024-01-11,41.209999084472656,44,40.63999938964844,42.20000076293945,42.20000076293945,668400
2024-01-12,42,44.45500183105469,41.47999954223633,41.790000915527344,41.790000915527344,238400
2024-01-16,41.97999954223633,44.970001220703125,41.900001525878906,44.959999084472656,44.959999084472656,210800
2024-01-17,44.5,46,43.43000030517578,44.91999816894531,44.91999816894531,219500
2024-01-18,45.029998779296875,45.40999984741211,42.11000061035156,43.56999969482422,43.56999969482422,149500
2024-01-19,43.2400016784668,47.33000183105469,42.915000915527344,47.0099983215332,47.0099983215332,356500
2024-01-22,47.369998931884766,48.220001220703125,46.91600036621094,48.0099983215332,48.0099983215332,272900
2024-01-23,48.880001068115234,48.880001068115234,46.849998474121094,48.06999969482422,48.06999969482422,172700
2024-01-24,47.290000915527344,48.01499938964844,46.27000045776367,46.310001373291016,46.310001373291016,145700
2024-01-25,48.29999923706055,48.29999923706055,45.69200134277344,46.81999969482422,46.81999969482422,153900
2024-01-26,46.29999923706055,47.34000015258789,45.4900016784668,46.599998474121094,46.599998474121094,200400
2024-01-29,47.91999816894531,48,46.55500030517578,47.9900016784668,47.9900016784668,128200
2024-01-30,47.93000030517578,47.93000030517578,45.650001525878906,46.150001525878906,46.150001525878906,100700
2024-01-31,46.560001373291016,47.08000183105469,46.060001373291016,46.349998474121094,46.349998474121094,120700
2024-02-01,47.20000076293945,47.93000030517578,45.641998291015625,46.91999816894531,46.91999816894531,358200
2024-02-02,46.90999984741211,47.25,45.97800064086914,46.7400016784668,46.7400016784668,150100
2024-02-05,48.310001373291016,50.59000015258789,46.650001525878906,49.5,49.5,460700
2024-02-06,49.790000915527344,50.47999954223633,45.415000915527344,45.52000045776367,45.52000045776367,544100
2024-02-07,45.5,46.935001373291016,45.30500030517578,46.58000183105469,46.58000183105469,174900
2024-02-08,46.47999954223633,47.65999984741211,45.75,47.47999954223633,47.47999954223633,137400
2024-02-09,47.83000183105469,49.779998779296875,47.58000183105469,49.33000183105469,49.33000183105469,325700
2024-02-12,49.939998626708984,49.939998626708984,47.90999984741211,48.0099983215332,48.0099983215332,172400
2024-02-13,48,48.97999954223633,45.7599983215332,45.84000015258789,45.84000015258789,293700
2024-02-14,46.81999969482422,47.470001220703125,46.0099983215332,47.130001068115234,47.130001068115234,274600
2024-02-15,47.209999084472656,47.91600036621094,45.571998596191406,46.470001220703125,46.470001220703125,188400
2024-02-16,45.83000183105469,47.869998931884766,45.54999923706055,47.31999969482422,47.31999969482422,253100
2024-02-20,47.33000183105469,49.18000030517578,47.13199996948242,48.88999938964844,48.88999938964844,210200
2024-02-21,48.650001525878906,49.027000427246094,47.09000015258789,48.61000061035156,48.61000061035156,77700
2024-02-22,48.63999938964844,49.38999938964844,48,48.61000061035156,48.61000061035156,88300
2024-02-23,48.939998626708984,49.869998931884766,48.25,49,49,142200
2024-02-26,49.650001525878906,51.75699996948242,48.31999969482422,51.5,51.5,195200
2024-02-27,50.95000076293945,52.72999954223633,50.625,52.349998474121094,52.349998474121094,228300
2024-02-28,53.220001220703125,53.81999969482422,50.34600067138672,50.5,50.5,195900
2024-02-29,50.40999984741211,50.40999984741211,47.650001525878906,48.31999969482422,48.31999969482422,310900
2024-03-01,48.31999969482422,50.165000915527344,47.93000030517578,49.189998626708984,49.189998626708984,389900
2024-03-04,49.810001373291016,49.810001373291016,45.689998626708984,47.25,47.25,317000
2024-03-05,46.75,47.904998779296875,45.11000061035156,45.400001525878906,45.400001525878906,199500
2024-03-06,45.45000076293945,46.78499984741211,45.11000061035156,46.380001068115234,46.380001068115234,461300
2024-03-07,43,45.97999954223633,37.7400016784668,44.94499969482422,44.94499969482422,1739300
2024-03-08,44.2599983215332,45.77000045776367,42.939998626708984,44.880001068115234,44.880001068115234,550700
2024-03-11,44.189998626708984,44.91999816894531,43,44.119998931884766,44.119998931884766,327800
2024-03-12,44.70000076293945,44.70000076293945,43.15999984741211,43.869998931884766,43.869998931884766,308200
2024-03-13,43.849998474121094,44.34000015258789,43.150001525878906,43.97999954223633,43.97999954223633,201400
2024-03-14,43.779998779296875,43.779998779296875,41.150001525878906,42.130001068115234,42.130001068115234,437500
2024-03-15,41.959999084472656,44.38199996948242,41.959999084472656,43.459999084472656,43.459999084472656,860300
2024-03-18,43.25,44.27000045776367,42.959999084472656,43.08000183105469,43.08000183105469,494900
2024-03-19,42.459999084472656,44.45000076293945,42.20399856567383,43.66999816894531,43.66999816894531,453300
2024-03-20,43.400001525878906,44.25,43.04999923706055,44,44,269500
2024-03-21,44.91999816894531,45.45000076293945,43.029998779296875,43.349998474121094,43.349998474121094,267300
2024-03-22,44.90999984741211,44.90999984741211,40.90999984741211,42.0099983215332,42.0099983215332,395400
2024-03-25,41.380001068115234,43.72999954223633,41.380001068115234,41.66999816894531,41.66999816894531,175400
2024-03-26,41.810001373291016,44.11000061035156,41.810001373291016,43.20000076293945,43.20000076293945,203200
2024-03-27,43.08000183105469,44.16999816894531,42.66999816894531,42.849998474121094,42.849998474121094,251700
2024-03-28,43.439998626708984,43.439998626708984,42.279998779296875,42.79999923706055,42.79999923706055,577700
2024-04-01,42.5,42.63999938964844,40.470001220703125,41.4900016784668,41.4900016784668,325200
2024-04-02,41.22999954223633,42.5099983215332,40.790000915527344,41.810001373291016,41.810001373291016,227800
2024-04-03,41.5099983215332,42.58000183105469,41.5099983215332,41.7599983215332,41.7599983215332,260600
2024-04-04,40.959999084472656,43.42499923706055,40.959999084472656,41.290000915527344,41.290000915527344,207900
2024-04-05,41.099998474121094,41.91999816894531,39.5,41.79999923706055,41.79999923706055,250000
2024-04-08,41.54999923706055,41.823001861572266,39.90999984741211,40.310001373291016,40.310001373291016,196100
2024-04-09,40.20000076293945,41.560001373291016,39.88999938964844,41.09000015258789,41.09000015258789,288500
2024-04-10,40.189998626708984,40.349998474121094,37.94599914550781,38.13999938964844,38.13999938964844,362300
2024-04-11,37.790000915527344,39.744998931884766,37.7599983215332,38.9900016784668,38.9900016784668,305000
2024-04-12,39.4900016784668,39.4900016784668,36.84000015258789,37.13999938964844,37.13999938964844,257800
2024-04-15,37.119998931884766,39.08000183105469,36.95000076293945,38.52000045776367,38.52000045776367,290900
2024-04-16,37.90999984741211,38.79999923706055,37.400001525878906,37.790000915527344,37.790000915527344,306700
2024-04-17,38.060001373291016,38.369998931884766,37.11000061035156,37.900001525878906,37.900001525878906,213800
2024-04-18,37.689998626708984,38.15999984741211,37.08000183105469,37.150001525878906,37.150001525878906,262200
2024-04-19,36.86000061035156,37.90399932861328,36.61000061035156,37.5,37.5,191100
2024-04-22,37.70000076293945,38.11000061035156,37.099998474121094,37.540000915527344,37.540000915527344,369100
2024-04-23,37.22999954223633,40.525001525878906,37.22999954223633,40.13999938964844,40.13999938964844,416700
2024-04-24,40.7400016784668,40.7400016784668,39.19499969482422,39.34000015258789,39.34000015258789,335900
2024-04-25,38.20000076293945,38.525001525878906,37.25,37.34000015258789,37.34000015258789,269400
2024-04-26,37.09000015258789,38.33000183105469,37.09000015258789,37.88999938964844,37.88999938964844,138600
2024-04-29,47,53.79999923706055,44.66999816894531,45.529998779296875,45.529998779296875,3503600
2024-04-30,44.119998931884766,47.13999938964844,44.119998931884766,44.65999984741211,44.65999984741211,809400
2024-05-01,44.630001068115234,48.36000061035156,44.47999954223633,47.540000915527344,47.540000915527344,433100
2024-05-02,47.099998474121094,49.869998931884766,47.099998474121094,49.22999954223633,49.22999954223633,322100
2024-05-03,47.13999938964844,48.4900016784668,44.97999954223633,45.119998931884766,45.119998931884766,1599400
2024-05-06,45.400001525878906,46.70000076293945,45.310001373291016,45.939998626708984,45.939998626708984,316200
2024-05-07,45.84000015258789,46.84000015258789,45.40999984741211,46.79999923706055,46.79999923706055,428000
2024-05-08,46.02000045776367,46.494998931884766,44.02000045776367,46.2599983215332,46.2599983215332,490400
2024-05-09,45.939998626708984,48.13999938964844,44.54999923706055,47.63999938964844,47.63999938964844,415100
2024-05-10,47.63999938964844,47.91999816894531,42.599998474121094,44.9900016784668,44.9900016784668,546100
2024-05-13,45.16999816894531,45.16999816894531,42.209999084472656,42.79999923706055,42.79999923706055,429600
2024-05-14,42.869998931884766,44.34000015258789,42.75,43.5,43.5,219400
2024-05-15,44.52000045776367,45.790000915527344,44.132999420166016,45.209999084472656,45.209999084472656,531700
2024-05-16,45.20000076293945,45.91999816894531,44.59000015258789,45.65999984741211,45.65999984741211,214600
2024-05-17,45.41999816894531,46.81999969482422,44.529998779296875,46.15999984741211,46.15999984741211,334400
2024-05-20,45.90999984741211,47.380001068115234,45.630001068115234,47.0099983215332,47.0099983215332,285400
2024-05-21,46.9900016784668,47.56800079345703,44.04999923706055,44.27000045776367,44.27000045776367,317100
2024-05-22,44.400001525878906,44.5,42,42.869998931884766,42.869998931884766,376800
2024-05-23,42.63999938964844,42.76300048828125,40.810001373291016,41.16999816894531,41.16999816894531,529600
2024-05-24,41.36000061035156,42.43000030517578,40.68000030517578,41.15999984741211,41.15999984741211,302600
2024-05-28,41.58000183105469,41.875,39.63999938964844,40.779998779296875,40.779998779296875,493300
2024-05-29,39.880001068115234,42.959999084472656,39.845001220703125,42.88999938964844,42.88999938964844,257100
2024-05-30,42.84000015258789,43.72999954223633,41.9900016784668,42.630001068115234,42.630001068115234,210700
2024-05-31,43.04999923706055,43.59000015258789,41.88999938964844,42.08000183105469,42.08000183105469,415200
2024-06-03,42.099998474121094,43.95000076293945,42,42.619998931884766,42.619998931884766,329800
2024-06-04,42.29999923706055,42.970001220703125,40.845001220703125,40.97999954223633,40.97999954223633,352100
2024-06-05,40.97999954223633,44.790000915527344,40.79499816894531,44.54999923706055,44.54999923706055,299600
2024-06-06,44.47999954223633,44.9900016784668,43.2599983215332,44.63999938964844,44.63999938964844,329800
2024-06-07,44.61000061035156,46.33000183105469,44.61000061035156,45.560001373291016,45.560001373291016,175400
2024-06-10,45.15999984741211,47.84000015258789,44.959999084472656,47.060001373291016,47.060001373291016,327600
2024-06-11,47.060001373291016,48.45000076293945,46.43000030517578,46.43000030517578,46.43000030517578,461300
2024-06-12,46.900001525878906,49.150001525878906,45.7400016784668,46.15999984741211,46.15999984741211,332300
2024-06-13,45.36000061035156,47.099998474121094,44.36000061035156,45.02000045776367,45.02000045776367,196200
2024-06-14,44.13999938964844,44.33000183105469,42.1349983215332,42.40999984741211,42.40999984741211,390700
2024-06-17,42.18000030517578,42.720001220703125,41.4900016784668,42.4900016784668,42.4900016784668,733400
2024-06-18,42.650001525878906,42.689998626708984,40.540000915527344,41.900001525878906,41.900001525878906,394700
2024-06-20,41.880001068115234,42.54999923706055,40.59000015258789,40.790000915527344,40.790000915527344,816000
2024-06-21,41.09000015258789,41.779998779296875,39.72999954223633,41.150001525878906,41.150001525878906,1538300
2024-06-24,41.150001525878906,41.220001220703125,39.040000915527344,40.08000183105469,40.08000183105469,491200
2024-06-25,39.810001373291016,41.21500015258789,38.790000915527344,38.939998626708984,38.939998626708984,458800
2024-06-26,38.79999923706055,39.66999816894531,36.93000030517578,39.560001373291016,39.560001373291016,412400
2024-06-27,40,41.869998931884766,39.55500030517578,41.75,41.75,500800
2024-06-28,42.4900016784668,43,40.400001525878906,40.79999923706055,40.79999923706055,3615600
2024-07-01,40.38999938964844,42.380001068115234,40.369998931884766,42.290000915527344,42.290000915527344,477500
2024-07-02,41.869998931884766,42.810001373291016,39.40999984741211,39.72999954223633,39.72999954223633,1082100
2024-07-03,39.72999954223633,42.11000061035156,39.72999954223633,42.029998779296875,42.029998779296875,301800
2024-07-05,41.099998474121094,41.18000030517578,40.189998626708984,40.90999984741211,40.90999984741211,384100
2024-07-08,41.150001525878906,42.560001373291016,40.66999816894531,42.40999984741211,42.40999984741211,268400
2024-07-09,42.5,43.400001525878906,41.81999969482422,42.7400016784668,42.7400016784668,247900
2024-07-10,42.810001373291016,43.98500061035156,42.41999816894531,42.9900016784668,42.9900016784668,310400
2024-07-11,44.130001068115234,45.900001525878906,43.18000030517578,44.5,44.5,520400
2024-07-12,44.869998931884766,47.810001373291016,44.790000915527344,47.66999816894531,47.66999816894531,375400
2024-07-15,47.66999816894531,50.630001068115234,47.66999816894531,50.209999084472656,50.209999084472656,364400
2024-07-16,51,52.27000045776367,50.43000030517578,51.54999923706055,51.54999923706055,283100
2024-07-17,50.5099983215332,50.630001068115234,47.79999923706055,48.68000030517578,48.68000030517578,327900
2024-07-18,48.88999938964844,49.630001068115234,45.939998626708984,46.38999938964844,46.38999938964844,226100
2024-07-19,46.5,48.290000915527344,46.040000915527344,46.959999084472656,46.959999084472656,193900
2024-07-22,46.43000030517578,47.224998474121094,45.525001525878906,45.849998474121094,45.849998474121094,345500
2024-07-23,45.40999984741211,49.11000061035156,45.40999984741211,48.400001525878906,48.400001525878906,267400
2024-07-24,47.72999954223633,49.75,47.58000183105469,48.189998626708984,48.189998626708984,404000
2024-07-25,48.4900016784668,48.4900016784668,46.38999938964844,46.95000076293945,46.95000076293945,480700
2024-07-26,47.599998474121094,49.279998779296875,47.560001373291016,48.47999954223633,48.47999954223633,205400
2024-07-29,48.5099983215332,50.650001525878906,46.459999084472656,46.810001373291016,46.810001373291016,293100
2024-07-30,47.08000183105469,47.91999816894531,45.650001525878906,46.65999984741211,46.65999984741211,298000
2024-07-31,47.0099983215332,50.380001068115234,46.970001220703125,48.22999954223633,48.22999954223633,393400
2024-08-01,48.47999954223633,50.25,47.41999816894531,49.20000076293945,49.20000076293945,400100
2024-08-02,47.02000045776367,49.470001220703125,46.117000579833984,48.7400016784668,48.7400016784668,425000
2024-08-05,45.77000045776367,46.63999938964844,44.720001220703125,45.290000915527344,45.290000915527344,549200
2024-08-06,45.310001373291016,47.11000061035156,43.099998474121094,46.72999954223633,46.72999954223633,678300
2024-08-07,46.880001068115234,47.040000915527344,43.560001373291016,43.959999084472656,43.959999084472656,349200
2024-08-08,42.88999938964844,45.529998779296875,42.685001373291016,45.08000183105469,45.08000183105469,368100
2024-08-09,45.529998779296875,47.250999450683594,44.994998931884766,45.90999984741211,45.90999984741211,183600
2024-08-12,47.060001373291016,47.63999938964844,45.95000076293945,46.84000015258789,46.84000015258789,330900
2024-08-13,47.54999923706055,50.249000549316406,47.060001373291016,49.52000045776367,49.52000045776367,549700
2024-08-14,49.619998931884766,49.619998931884766,47.20000076293945,48.880001068115234,48.880001068115234,260000
2024-08-15,49.79999923706055,51,49.220001220703125,50.459999084472656,50.459999084472656,284100
2024-08-16,50.36000061035156,50.36000061035156,47.73500061035156,48.439998626708984,48.439998626708984,422400
2024-08-19,48.20000076293945,51.3489990234375,47.38999938964844,51.209999084472656,51.209999084472656,447100
2024-08-20,51.43000030517578,52.380001068115234,49.58000183105469,51,51,467700
2024-08-21,51,52.2400016784668,49.56999969482422,51.869998931884766,51.869998931884766,519600
2024-08-22,52,52.04499816894531,48.0099983215332,48.599998474121094,48.599998474121094,427900
2024-08-23,48.7400016784668,49.18000030517578,43.5099983215332,45.25,45.25,995400
2024-08-26,45.61000061035156,46.5,44.7599983215332,46.130001068115234,46.130001068115234,534800
2024-08-27,47.5,51.209999084472656,46.4900016784668,49.040000915527344,49.040000915527344,2181700
2024-08-28,48.91999816894531,48.91999816894531,46.68000030517578,47.02000045776367,47.02000045776367,1392900
2024-08-29,46.86000061035156,48.16999816894531,46.470001220703125,46.564998626708984,46.564998626708984,680900
2024-08-30,46.400001525878906,49.130001068115234,45.900001525878906,48.95000076293945,48.95000076293945,475500
2024-09-03,49.599998474121094,49.61000061035156,46.8650016784668,47.27000045776367,47.27000045776367,442400
2024-09-04,46.9900016784668,49.849998474121094,46.459999084472656,49.79999923706055,49.79999923706055,258800
2024-09-05,49.2599983215332,50.810001373291016,49.18000030517578,49.915000915527344,49.915000915527344,265400
2024-09-06,49.91999816894531,50.327999114990234,47.86000061035156,48.540000915527344,48.540000915527344,224600
2024-09-09,48.959999084472656,50.0099983215332,48.04999923706055,48.75,48.75,423000
2024-09-10,48.560001373291016,50.25,47.90999984741211,49.43000030517578,49.43000030517578,366800
2024-09-11,49.290000915527344,50.52000045776367,48.56999969482422,48.58000183105469,48.58000183105469,373500
2024-09-12,48.540000915527344,49.970001220703125,48.380001068115234,49.61000061035156,49.61000061035156,336900
2024-09-13,49.72999954223633,54.084999084472656,49.70000076293945,52.84000015258789,52.84000015258789,995800
2024-09-16,53.04999923706055,53.14500045776367,51.5,52.790000915527344,52.790000915527344,277500
2024-09-17,53.40999984741211,54.369998931884766,52.029998779296875,52.91999816894531,52.91999816894531,446700
2024-09-18,52.68000030517578,54.5,52.290000915527344,53.54999923706055,53.54999923706055,412000
2024-09-19,55,55.560001373291016,52.61000061035156,52.72999954223633,52.72999954223633,456900
2024-09-20,52.72999954223633,52.849998474121094,49.689998626708984,51.61000061035156,51.61000061035156,980000
2024-09-23,51.650001525878906,51.814998626708984,48.09000015258789,48.13999938964844,48.13999938964844,611600
2024-09-24,48.880001068115234,48.88999938964844,46.310001373291016,46.880001068115234,46.880001068115234,764800
2024-09-25,47.119998931884766,49.7400016784668,46.845001220703125,48.779998779296875,48.779998779296875,470200
2024-09-26,49.25,50.2599983215332,48.54999923706055,48.77000045776367,48.77000045776367,330800
2024-09-27,48.93000030517578,50.63999938964844,48.93000030517578,49.130001068115234,49.130001068115234,349400
2024-09-30,49.279998779296875,51.08000183105469,48.540000915527344,50.4900016784668,50.4900016784668,770100
2024-10-01,50.4900016784668,50.4900016784668,48.86000061035156,49.630001068115234,49.630001068115234,525900
2024-10-02,49.43000030517578,50.599998474121094,49.30500030517578,49.68000030517578,49.68000030517578,365800
2024-10-03,49.02000045776367,50.0099983215332,48.76499938964844,48.95000076293945,48.95000076293945,248600
2024-10-04,48.88999938964844,50.275001525878906,48.88999938964844,49.630001068115234,49.630001068115234,584400
2024-10-07,49.34000015258789,49.34000015258789,47.43000030517578,47.630001068115234,47.630001068115234,292000
2024-10-08,56,56.810001373291016,50.36000061035156,51.970001220703125,51.970001220703125,4532200
2024-10-09,52,52,50.25,51.08000183105469,51.08000183105469,1159900
2024-10-10,50.47999954223633,51.810001373291016,49.5,50.79999923706055,50.79999923706055,795400
2024-10-11,51.22999954223633,54.91999816894531,50.849998474121094,54.75,54.75,1305700
2024-10-14,54.52000045776367,55.349998474121094,53.380001068115234,53.86000061035156,53.86000061035156,509600
2024-10-15,53.47999954223633,55.02000045776367,53.20000076293945,54.150001525878906,54.150001525878906,540100
2024-10-16,54.459999084472656,55,53.95000076293945,54.5,54.5,585400
2024-10-17,53.939998626708984,54.439998626708984,53,53.5,53.5,699200
2024-10-18,53.90999984741211,54.86000061035156,53.34000015258789,54.15999984741211,54.15999984741211,692300
2024-10-21,54.060001373291016,54.15999984741211,53.02000045776367,53.75,53.75,540600
2024-10-22,53.13999938964844,54.970001220703125,53.13999938964844,53.63999938964844,53.63999938964844,465100
2024-10-23,53.2599983215332,53.76599884033203,51.96799850463867,52.70000076293945,52.70000076293945,478100
2024-10-24,53.02000045776367,54.29999923706055,51.92300033569336,53.029998779296875,53.029998779296875,594900
2024-10-25,53.689998626708984,56.06999969482422,53.540000915527344,54.91999816894531,54.91999816894531,553200
2024-10-28,56.290000915527344,57.279998779296875,54.959999084472656,55.310001373291016,55.310001373291016,723400
2024-10-29,54.970001220703125,56.5099983215332,54.93600082397461,56.290000915527344,56.290000915527344,564200
2024-10-30,56.029998779296875,56.470001220703125,55.220001220703125,55.720001220703125,55.720001220703125,486000
2024-10-31,55.790000915527344,56.2599983215332,54.099998474121094,55.060001373291016,55.060001373291016,377800
2024-11-01,56,56.5,55.29999923706055,55.86000061035156,55.86000061035156,362400
2024-11-04,56.0099983215332,56.5,54.81999969482422,56.13999938964844,56.13999938964844,311500
2024-11-05,56.380001068115234,56.72999954223633,55.63999938964844,56.38999938964844,56.38999938964844,399800
2024-11-06,58,58.68000030517578,56.29999923706055,56.86000061035156,56.86000061035156,753400
2024-11-07,55.619998931884766,59.36000061035156,55.619998931884766,57.11000061035156,57.11000061035156,698600
2024-11-08,56.63999938964844,58.36000061035156,56.334999084472656,57.04999923706055,57.04999923706055,513200
2024-11-11,58.400001525878906,59.75400161743164,57.724998474121094,59.18000030517578,59.18000030517578,535600
2024-11-12,58.849998474121094,59.45000076293945,56.849998474121094,57.310001373291016,57.310001373291016,431000
2024-11-13,57.33000183105469,58.9900016784668,55.560001373291016,55.68000030517578,55.68000030517578,403900
2024-11-14,55.4900016784668,56.013999938964844,53.619998931884766,54.08000183105469,54.08000183105469,468400
2024-11-15,54.2400016784668,54.45500183105469,51.369998931884766,51.79999923706055,51.79999923706055,656800
2024-11-18,51.79999923706055,53.025001525878906,50.689998626708984,51.63999938964844,51.63999938964844,550600
2024-11-19,51.45000076293945,52.560001373291016,51.08000183105469,51.790000915527344,51.790000915527344,464000
2024-11-20,51.779998779296875,55.505001068115234,51.779998779296875,54.83000183105469,54.83000183105469,673300
2024-11-21,55,55.970001220703125,53.400001525878906,54.630001068115234,54.630001068115234,333900
2024-11-22,55,57.939998626708984,54.6349983215332,57.779998779296875,57.779998779296875,595200
2024-11-25,58.959999084472656,60.91999816894531,57.02000045776367,57.220001220703125,57.220001220703125,921300
2024-11-26,53.619998931884766,59.314998626708984,53.25,58.34000015258789,58.34000015258789,1528600
2024-11-27,58.5099983215332,58.880001068115234,55.150001525878906,55.84000015258789,55.84000015258789,542900
2024-11-29,55.02000045776367,55.270999908447266,51.39400100708008,52.709999084472656,52.709999084472656,1226600
2024-12-02,52.75,53.58000183105469,49.97999954223633,50,50,1166100
2024-12-03,50.5,51.77000045776367,50.04999923706055,51.15999984741211,51.15999984741211,818200
2024-12-04,51.65999984741211,52.41999816894531,50.4900016784668,50.66999816894531,50.66999816894531,604000
2024-12-05,50.029998779296875,50.650001525878906,48.80500030517578,49.650001525878906,49.650001525878906,662500
2024-12-06,49.650001525878906,50,48.7599983215332,49.150001525878906,49.150001525878906,515100
2024-12-09,49.279998779296875,49.29999923706055,47.43000030517578,47.91999816894531,47.91999816894531,589900
2024-12-10,47.880001068115234,48.83000183105469,46.529998779296875,47.349998474121094,47.349998474121094,699000
2024-12-11,47.459999084472656,48.720001220703125,47.064998626708984,47.16999816894531,47.16999816894531,607500
2024-12-12,47.130001068115234,47.970001220703125,46,46.279998779296875,46.279998779296875,589200
2024-12-13,46.709999084472656,47.380001068115234,45,46.709999084472656,46.709999084472656,706900
2024-12-16,46.9900016784668,48.77000045776367,46.81999969482422,47.93000030517578,47.93000030517578,684200
2024-12-17,47.400001525878906,48.029998779296875,47.2400016784668,47.650001525878906,47.650001525878906,591800
2024-12-18,48.5099983215332,48.5099983215332,44.2599983215332,45.27000045776367,45.27000045776367,836700
2024-12-19,45.54999923706055,46.36000061035156,43.31999969482422,45.20000076293945,45.20000076293945,604400
2024-12-20,44.75,46.56999969482422,44.189998626708984,45.18000030517578,45.18000030517578,1282800
2024-12-23,45.0099983215332,45.369998931884766,44.04999923706055,44.94499969482422,44.94499969482422,479600
2024-12-24,44.560001373291016,45.0099983215332,44.130001068115234,44.77000045776367,44.77000045776367,223900
2024-12-26,44.16999816894531,47.13999938964844,44.16999816894531,47.064998626708984,47.064998626708984,415000
2024-12-27,46.81999969482422,47.09000015258789,44.65999984741211,44.81999969482422,44.81999969482422,683400
2024-12-30,44.040000915527344,45.459999084472656,43.84000015258789,45.29999923706055,45.29999923706055,493700
2024-12-31,45.529998779296875,46,43.86000061035156,44.95000076293945,44.95000076293945,910800
2025-01-02,44.79999923706055,46.11000061035156,44.41999816894531,45.709999084472656,45.709999084472656,492300
2025-01-03,45.720001220703125,46.689998626708984,45.369998931884766,46.459999084472656,46.459999084472656,565800
2025-01-06,46.52000045776367,46.52000045776367,45.18000030517578,45.900001525878906,45.900001525878906,278500
2025-01-07,45.88999938964844,46.81999969482422,45.27000045776367,46.220001220703125,46.220001220703125,291600
2025-01-08,45.970001220703125,46.029998779296875,43.5099983215332,44.52000045776367,44.52000045776367,464000
2025-01-10,43.470001220703125,44.08000183105469,42.5,43.11000061035156,43.11000061035156,790400
2025-01-13,42.43000030517578,43.119998931884766,41.58000183105469,43.060001373291016,43.060001373291016,371700
2025-01-14,43.66999816894531,43.970001220703125,41.97999954223633,42.540000915527344,42.540000915527344,364800
2025-01-15,43.119998931884766,49.029998779296875,41.5,48.56999969482422,48.56999969482422,931600
2025-01-16,48.630001068115234,48.6349983215332,45.95100021362305,45.9900016784668,45.9900016784668,524000
2025-01-17,46.459999084472656,47.81999969482422,45.439998626708984,46.880001068115234,46.880001068115234,348400
2025-01-21,47.400001525878906,49.29499816894531,46.08000183105469,49.16999816894531,49.16999816894531,413700
2025-01-22,49.16999816894531,50.63999938964844,48.0099983215332,48.43000030517578,48.43000030517578,437100
2025-01-23,48.060001373291016,48.904998779296875,47.27000045776367,48.290000915527344,48.290000915527344,245900
2025-01-24,48.31999969482422,49.77000045776367,47.2400016784668,48.060001373291016,48.060001373291016,526200
2025-01-27,47.5,49.04499816894531,46,46.810001373291016,46.810001373291016,503700
2025-01-28,46.81999969482422,49.099998474121094,45.939998626708984,48.97999954223633,48.97999954223633,184000
2025-01-29,48.72999954223633,49.76599884033203,48.34000015258789,49.36000061035156,49.36000061035156,471800
2025-01-30,49.83000183105469,51.4900016784668,48.84000015258789,49.84000015258789,49.84000015258789,283600
2025-01-31,49.84000015258789,50.560001373291016,49.310001373291016,50.22999954223633,50.22999954223633,358200
2025-02-03,48.95000076293945,50.7400016784668,48.04999923706055,48.52000045776367,48.52000045776367,399000
2025-02-04,48.779998779296875,50.119998931884766,48.290000915527344,49.779998779296875,49.779998779296875,308400
2025-02-05,50.099998474121094,51.79999923706055,49.96500015258789,51.029998779296875,51.029998779296875,539900
2025-02-06,50.84000015258789,51.27000045776367,50.02000045776367,50.97999954223633,50.97999954223633,516200
2025-02-07,51.0099983215332,51.310001373291016,48.93000030517578,50.369998931884766,50.369998931884766,337100
2025-02-10,50.43000030517578,51.26499938964844,49.540000915527344,50.209999084472656,50.209999084472656,318500
2025-02-11,49.630001068115234,50,48.654998779296875,49.400001525878906,49.400001525878906,348800
2025-02-12,48.5,50.33000183105469,48.47999954223633,50.25,50.25,263300
2025-02-13,50.599998474121094,51.41999816894531,50.191001892089844,51.33000183105469,51.33000183105469,536100
2025-02-14,51.540000915527344,52.459999084472656,48.28499984741211,49.16999816894531,49.16999816894531,525700
2025-02-18,49.369998931884766,50.93000030517578,47.95000076293945,48.06999969482422,48.06999969482422,406900
2025-02-19,47.7599983215332,48.810001373291016,47.15999984741211,47.47999954223633,47.47999954223633,506400
2025-02-20,47.34000015258789,47.84000015258789,46.2400016784668,47.41999816894531,47.41999816894531,323400
2025-02-21,48.029998779296875,48.494998931884766,46.06999969482422,46.130001068115234,46.130001068115234,352700
2025-02-24,46.13999938964844,47,43.849998474121094,45.0099983215332,45.0099983215332,476100
2025-02-25,44.97999954223633,45.150001525878906,43.060001373291016,44.86000061035156,44.86000061035156,536300
2025-02-26,45.52000045776367,47.27000045776367,44.75299835205078,45.099998474121094,45.099998474121094,380600
2025-02-27,45.20000076293945,46.31999969482422,44.56999969482422,44.9900016784668,44.9900016784668,251800
2025-02-28,44.709999084472656,49.529998779296875,44.08000183105469,48.81999969482422,48.81999969482422,745600
2025-03-03,48.93000030517578,49.79499816894531,45.09000015258789,45.79999923706055,45.79999923706055,927300
2025-03-04,45,45.77000045776367,43.400001525878906,44.439998626708984,44.439998626708984,765400
2025-03-05,45.22999954223633,45.75,43.400001525878906,44.9900016784668,44.9900016784668,613000
2025-03-06,44.02000045776367,45.65999984741211,44,44.939998626708984,44.939998626708984,579300
2025-03-07,44.54999923706055,45.75,43.698001861572266,44.779998779296875,44.779998779296875,507800
2025-03-10,44.08000183105469,45.41999816894531,43.5099983215332,43.68000030517578,43.68000030517578,660400
2025-03-11,43.58000183105469,45.07099914550781,43,44.779998779296875,44.779998779296875,663800
2025-03-12,45.79999923706055,47.130001068115234,45.09000015258789,46.70000076293945,46.70000076293945,703600
2025-03-13,46.81999969482422,50.130001068115234,46.11000061035156,49.029998779296875,49.029998779296875,1117300
2025-03-14,49.41999816894531,50.22999954223633,48.435001373291016,49.34000015258789,49.34000015258789,521100
2025-03-17,49.29999923706055,50.4900016784668,48.63999938964844,49.630001068115234,49.630001068115234,749700
2025-03-18,49.09000015258789,50.42499923706055,47.66999816894531,50.11000061035156,50.11000061035156,509900
2025-03-19,50.060001373291016,50.3849983215332,48.09000015258789,48.779998779296875,48.779998779296875,616600
2025-03-20,48.2599983215332,49.1349983215332,47.433998107910156,48.400001525878906,48.400001525878906,501400
2025-03-21,47.84000015258789,49.790000915527344,47.22999954223633,49.11000061035156,49.11000061035156,1382800
2025-03-24,49.849998474121094,50.22999954223633,48.220001220703125,50.13999938964844,50.13999938964844,664300
2025-03-25,50.7400016784668,51.880001068115234,49.5,50.04999923706055,50.04999923706055,1631500
2025-03-26,49.86000061035156,50.25,48.290000915527344,48.970001220703125,48.970001220703125,836400
2025-03-27,66.38999938964844,72.95700073242188,65,67.38999938964844,67.38999938964844,15191800
2025-03-28,67.83000183105469,73.96800231933594,66.9000015258789,71.98999786376953,71.98999786376953,5092600
2025-03-31,71.54000091552734,73.94000244140625,69.87000274658203,71.44999694824219,71.44999694824219,4006000
2025-04-01,70.11000061035156,71.29000091552734,66.5,68.26000213623047,68.26000213623047,1901700
2025-04-02,67.52999877929688,73.95999908447266,66.5999984741211,73.66999816894531,73.66999816894531,1962800
2025-04-03,71.37999725341797,74,70.36599731445312,72.16000366210938,72.16000366210938,1178000
2025-04-04,71.38999938964844,73,67.12999725341797,67.4800033569336,67.4800033569336,1270300
2025-04-07,66.04000091552734,69.97000122070312,64,69.63999938964844,69.63999938964844,1620000
2025-04-08,69.91999816894531,71.45999908447266,59,59.040000915527344,59.040000915527344,3625500
2025-04-09,58.0099983215332,65.3499984741211,57.0099983215332,63.27000045776367,63.27000045776367,3119100
2025-04-10,61.45000076293945,64.63999938964844,59.47999954223633,62.869998931884766,62.869998931884766,1337200
2025-04-11,62.709999084472656,67.37000274658203,62.11000061035156,67.2300033569336,67.2300033569336,985400
2025-04-14,67.97000122070312,70.4000015258789,66.12300109863281,70,70,1083300
2025-04-15,69.79000091552734,70.36000061035156,68.2699966430664,70.25,70.25,1096500
2025-04-16,69.8499984741211,71,68.44499969482422,69.93000030517578,69.93000030517578,1030600
2025-04-17,69.95999908447266,70.51000213623047,68.33599853515625,69.9800033569336,69.9800033569336,1236200
2025-04-21,68.44000244140625,71.1500015258789,68.302001953125,68.93000030517578,68.93000030517578,613000
2025-04-22,69.0999984741211,71.98999786376953,69.0999984741211,71.4000015258789,71.4000015258789,1042900
2025-04-23,72.8499984741211,74.5,71.7300033569336,72.2699966430664,72.2699966430664,925100
2025-04-24,73.23999786376953,74.27999877929688,71.19999694824219,74.2300033569336,74.2300033569336,1364600
2025-04-25,74.23999786376953,74.2699966430664,72.77999877929688,73.26000213623047,73.26000213623047,776400
2025-04-28,72.75,74.25399780273438,71.23999786376953,73.63999938964844,73.63999938964844,904400
2025-04-29,73.44000244140625,76.55500030517578,72.75,75.2699966430664,75.2699966430664,1022100
2025-04-30,74.2300033569336,75.69999694824219,73.08399963378906,74.86000061035156,74.86000061035156,701800
2025-05-01,74.69999694824219,75.95999908447266,72.5,75.0199966430664,75.0199966430664,590400
2025-05-02,75.94999694824219,76.16000366210938,74.73999786376953,75.2300033569336,75.2300033569336,424100
2025-05-05,74.98999786376953,76.59500122070312,74.02999877929688,76.48999786376953,76.48999786376953,532200
2025-05-06,75.8499984741211,76.05000305175781,72.2300033569336,73.70999908447266,73.70999908447266,906200
2025-05-07,73.7699966430664,75.79000091552734,73.19999694824219,74.66000366210938,74.66000366210938,1059100
2025-05-08,75.66000366210938,80.98999786376953,74.66000366210938,76.26000213623047,76.26000213623047,2156100
2025-05-09,75.97000122070312,78.55500030517578,75.49500274658203,76.77999877929688,76.77999877929688,950900
2025-05-12,77.41000366210938,79.16999816894531,76.27999877929688,76.69999694824219,76.69999694824219,684300
2025-05-13,77.06999969482422,77.20999908447266,74.30999755859375,74.44000244140625,74.44000244140625,621500
2025-05-14,74.55999755859375,75.43000030517578,71.18499755859375,73.45999908447266,73.45999908447266,825500
2025-05-15,73.77999877929688,75.08999633789062,72.05999755859375,75.06999969482422,75.06999969482422,558900
2025-05-16,74.75,75.56999969482422,73.80999755859375,75.01000213623047,75.01000213623047,529600
2025-05-19,75.01000213623047,76.88999938964844,74.48999786376953,75.58000183105469,75.58000183105469,532600
2025-05-20,76.13999938964844,76.13999938964844,72.05999755859375,75.05000305175781,75.05000305175781,609000
2025-05-21,75.0999984741211,75.76000213623047,72.69000244140625,73.30000305175781,73.30000305175781,514300
2025-05-22,73.19999694824219,74.5199966430664,72.29000091552734,73.88999938964844,73.88999938964844,588500
2025-05-23,73.62999725341797,77.08499908447266,73.62999725341797,76.88999938964844,76.88999938964844,475000
2025-05-27,77.44999694824219,77.66000366210938,76.08999633789062,76.26000213623047,76.26000213623047,569500
2025-05-28,76.3499984741211,78.31999969482422,75.66500091552734,75.7699966430664,75.7699966430664,769900
2025-05-29,76.18000030517578,76.56999969482422,75.1500015258789,75.62000274658203,75.62000274658203,454600
2025-05-30,74.95999908447266,75.2750015258789,72.58999633789062,73.3499984741211,73.3499984741211,1221000
2025-06-02,73.3499984741211,76,72.95999908447266,75.66000366210938,75.66000366210938,689300
2025-06-03,75.62000274658203,78.77999877929688,74.44999694824219,77.38999938964844,77.38999938964844,776100
2025-06-04,77.7699966430664,78.5,76.9800033569336,77.04000091552734,77.04000091552734,435600
2025-06-05,77.08000183105469,77.7750015258789,75.12000274658203,75.22000122070312,75.22000122070312,736700
2025-06-06,75.7300033569336,76.25499725341797,74.33799743652344,75.51000213623047,75.51000213623047,594100
2025-06-09,77.05000305175781,78.22000122070312,76,77.7300033569336,77.7300033569336,567400
2025-06-10,78.11000061035156,79.88999938964844,77.70999908447266,79.80000305175781,79.80000305175781,630500
2025-06-11,80,80.19000244140625,78.94999694824219,79.1500015258789,79.1500015258789,806400
2025-06-12,78.83000183105469,81.54100036621094,78.25499725341797,80.19999694824219,80.19999694824219,979200
2025-06-13,78.3499984741211,81.41999816894531,78.3499984741211,79.1500015258789,79.1500015258789,621300
2025-06-16,79.79000091552734,79.79000091552734,76.75,78.1500015258789,78.1500015258789,481700
2025-06-17,77.87000274658203,77.87000274658203,76.13999938964844,77.5999984741211,77.5999984741211,792100
2025-06-18,77.95999908447266,79.62000274658203,76.91500091552734,79.37999725341797,79.37999725341797,777600
2025-06-20,79.73999786376953,80.7699966430664,78.83000183105469,79.9800033569336,79.9800033569336,2340900
2025-06-23,80.87000274658203,81.5999984741211,78.4800033569336,81.41999816894531,81.41999816894531,1038200
2025-06-24,82.41999816894531,85.36000061035156,80.66999816894531,84.16999816894531,84.16999816894531,2324500
2025-06-25,84.11000061035156,86.66999816894531,82.47000122070312,85.79000091552734,85.79000091552734,996100
2025-06-26,85.95999908447266,85.95999908447266,83.22000122070312,84.0199966430664,84.0199966430664,1035700
2025-06-27,83.13999938964844,85.13999938964844,82.41000366210938,83.25,83.25,3277300
2025-06-30,83.33000183105469,86.79000091552734,83.12999725341797,83.77999877929688,83.77999877929688,1418200
2025-07-01,82.76000213623047,84.68000030517578,81.61000061035156,82.62999725341797,82.62999725341797,703200
2025-07-02,82.08999633789062,86.29000091552734,82.08999633789062,86.20999908447266,86.20999908447266,971900
2025-07-03,86.12000274658203,87.16000366210938,84.69000244140625,86.6500015258789,86.6500015258789,330100
2025-07-07,86.20999908447266,86.20999908447266,84.05000305175781,85.2699966430664,85.2699966430664,506100
2025-07-08,86.58000183105469,86.58000183105469,84.61000061035156,85.26000213623047,85.26000213623047,837800
2025-07-09,86.86000061035156,90.31999969482422,85.26000213623047,88.48999786376953,88.48999786376953,1491200
2025-07-10,88.36000061035156,88.36000061035156,79.69999694824219,80.31999969482422,80.31999969482422,5643200
2025-07-11,81.7699966430664,83.19999694824219,80.66000366210938,81.56500244140625,81.56500244140625,2531100
2025-07-14,80.91000366210938,83.58499908447266,80.91000366210938,82.76000213623047,82.76000213623047,1889500
2025-07-15,83.5,84.08799743652344,81.87999725341797,83.58999633789062,83.58999633789062,1960000
2025-07-16,83.41999816894531,85.66000366210938,82.94999694824219,85.5199966430664,85.5199966430664,1518600
2025-07-17,85.56999969482422,88.62000274658203,84.7300033569336,87.63999938964844,87.63999938964844,1710300
2025-07-18,88.25,88.81999969482422,86.23999786376953,87.19999694824219,87.19999694824219,1187600
2025-07-21,87.06999969482422,88.8550033569336,86.83000183105469,86.97000122070312,86.97000122070312,840400
2025-07-22,86.69999694824219,88.01000213623047,85.76000213623047,86.0199966430664,86.0199966430664,977600
2025-07-23,86.23999786376953,88.33499908447266,86.05500030517578,87.44999694824219,87.44999694824219,638000
2025-07-24,88.2300033569336,89.12000274658203,86.83000183105469,88.02999877929688,88.02999877929688,793000
2025-07-25,88.31999969482422,88.9800033569336,86.22000122070312,86.47000122070312,86.47000122070312,790600
2025-07-28,86.61000061035156,87.45999908447266,85.25,85.25,85.25,970900
2025-07-29,86.23999786376953,86.23999786376953,83.53399658203125,83.97000122070312,83.97000122070312,1244800
2025-07-30,84.87000274658203,86.87999725341797,83.9209976196289,84.86499786376953,84.86499786376953,1466400
2025-07-31,85,87.56999969482422,84.73999786376953,86.47000122070312,86.47000122070312,1169600
2025-08-01,85.58000183105469,88.61000061035156,85.13999938964844,86,86,1036900
2025-08-04,85.98999786376953,87.19000244140625,83.96499633789062,84.12000274658203,84.12000274658203,721500
2025-08-05,84.5199966430664,84.5199966430664,81.5,81.62999725341797,81.62999725341797,843700
2025-08-06,81.11000061035156,81.79000091552734,80.02999877929688,81.19000244140625,81.19000244140625,1015700
2025-08-07,83.41999816894531,83.41999816894531,77.7300033569336,78.70999908447266,78.70999908447266,1780000
2025-08-08,77.5999984741211,82.56999969482422,77.33200073242188,82.3499984741211,82.3499984741211,1068500
2025-08-11,82.22000122070312,87.16999816894531,82.22000122070312,85.76000213623047,85.76000213623047,2023900
2025-08-12,85.81999969482422,86.33999633789062,82.9000015258789,83.36000061035156,83.36000061035156,991100
2025-08-13,83.93000030517578,84.19499969482422,80.97000122070312,81.13999938964844,81.13999938964844,2320400
2025-08-14,80.19999694824219,81.3499984741211,77.03500366210938,77.36000061035156,77.36000061035156,2087800
2025-08-15,66.30000305175781,72.80999755859375,63.459999084472656,71.62999725341797,71.62999725341797,7294800
2025-08-18,71.3499984741211,71.9800033569336,67.88999938964844,68.08999633789062,68.08999633789062,2133500
2025-08-19,68.2300033569336,68.7699966430664,66.72000122070312,66.80999755859375,66.80999755859375,1444800
2025-08-20,68.19999694824219,69.05999755859375,66.88500213623047,68.94000244140625,68.94000244140625,1394000
2025-08-21,69.23999786376953,70.12999725341797,68.32499694824219,69.80000305175781,69.80000305175781,1210800
2025-08-22,70.2300033569336,70.29000091552734,68.0199966430664,68.56999969482422,68.56999969482422,1150400
2025-08-25,68.68000030517578,68.69999694824219,66.28500366210938,66.51000213623047,66.51000213623047,943000
2025-08-26,66.62999725341797,69.81999969482422,66.58999633789062,69.61000061035156,69.61000061035156,1449200
2025-08-27,69.30000305175781,70.73500061035156,67.55999755859375,67.68000030517578,67.68000030517578,1069700
2025-08-28,67.76000213623047,69.41999816894531,67.68000030517578,68.41000366210938,68.41000366210938,762200
2025-08-29,67.83999633789062,68.9000015258789,66.61399841308594,67.66999816894531,67.66999816894531,923300
2025-09-02,68.44999694824219,68.86000061035156,67.04000091552734,67.22000122070312,67.22000122070312,1254500
2025-09-03,67.0199966430664,68.19000244140625,65.84600067138672,66.94000244140625,66.94000244140625,1021000
2025-09-04,67.41999816894531,70.12000274658203,66.36000061035156,69.56999969482422,69.56999969482422,1147900
2025-09-05,69.81999969482422,70.05999755859375,67.51000213623047,69.7699966430664,69.7699966430664,631400
2025-09-08,70.16999816894531,72.55999755859375,69.12899780273438,72.30000305175781,72.30000305175781,832500
2025-09-09,72.75,72.98999786376953,68.11000061035156,70.20999908447266,70.20999908447266,971400
2025-09-10,70.56999969482422,70.56999969482422,50.630001068115234,60.01499938964844,60.01499938964844,8257300
2025-09-11,60.5099983215332,61.650001525878906,56.470001220703125,56.720001220703125,56.720001220703125,2543000
2025-09-12,56.040000915527344,56.16999816894531,52.369998931884766,53.619998931884766,53.619998931884766,3249900
2025-09-15,53.33000183105469,53.91999816894531,50.67499923706055,51.16999816894531,51.16999816894531,2281900
2025-09-16,51.14500045776367,51.24300003051758,48.904998779296875,49.709999084472656,49.709999084472656,2611000
2025-09-17,50.2400016784668,51.869998931884766,49.6870002746582,50.97999954223633,50.97999954223633,2110000
2025-09-18,51.25,56.810001373291016,51.25,56.58000183105469,56.58000183105469,5012100
2025-09-19,56.63999938964844,56.869998931884766,54.540000915527344,54.7400016784668,54.7400016784668,4272000
2025-09-22,54.95000076293945,58.25,53.880001068115234,56.58000183105469,56.58000183105469,1967800
2025-09-23,56.7400016784668,58.400001525878906,55.41999816894531,56.849998474121094,56.849998474121094,1502900
2025-09-24,64.55000305175781,65.3499984741211,61,64.5,64.5,5388500
2025-09-25,63.83000183105469,65.19999694824219,62.310001373291016,62.720001220703125,62.720001220703125,1691200
2025-09-26,63.08000183105469,66.5,62.25,64.95999908447266,64.95999908447266,1561600
2025-09-29,64.1500015258789,68.23500061035156,64.1500015258789,68.16000366210938,68.16000366210938,1402600
2025-09-30,68.45999908447266,68.45999908447266,65.97100067138672,67.5999984741211,67.5999984741211,1400200
2025-10-01,66.58999633789062,68,57.0099983215332,60.119998931884766,60.119998931884766,2965200
2025-10-02,59.81999969482422,60.268001556396484,55.779998779296875,57.97999954223633,57.97999954223633,2121800
2025-10-03,57.939998626708984,60.290000915527344,56.5,59.209999084472656,59.209999084472656,1642700
2025-10-06,60.18000030517578,60.81999969482422,58.279998779296875,58.45000076293945,58.45000076293945,1096400
2025-10-07,60.880001068115234,63.395999908447266,60.310001373291016,62.11000061035156,62.11000061035156,1297600
2025-10-08,62.290000915527344,64.37999725341797,59.68000030517578,62.7400016784668,62.7400016784668,1226900
2025-10-09,62.650001525878906,65.83999633789062,62.09000015258789,65.55999755859375,65.55999755859375,1445700
2025-10-10,65,66.09500122070312,63.58000183105469,63.755001068115234,63.755001068115234,1038700
2025-10-13,64,65.5,62.93000030517578,64.2699966430664,64.2699966430664,1082200
2025-10-14,64.30999755859375,66,63.165000915527344,63.58000183105469,63.58000183105469,1117400
2025-10-15,63.7400016784668,67.73999786376953,63.20000076293945,67.66999816894531,67.66999816894531,1211100
2025-10-16,67.54000091552734,72.87999725341797,65.38999938964844,68,68,1967700
2025-10-17,67.9000015258789,68.375,64.66000366210938,65.47000122070312,65.47000122070312,1664800
2025-10-20,66.2300033569336,68.06999969482422,64.83999633789062,65.44999694824219,65.44999694824219,2068400
2025-10-21,65.44000244140625,67.5,64.19999694824219,67.12999725341797,67.12999725341797,1232900
2025-10-22,66.77999877929688,67.95999908447266,64.69999694824219,66.9000015258789,66.9000015258789,777100
2025-10-23,66.9000015258789,66.9000015258789,63.470001220703125,63.65999984741211,63.65999984741211,888500
2025-10-24,64.18000030517578,65,63.54999923706055,64.18000030517578,64.18000030517578,603200