Date,Open,High,Low,Close,Adj Close,Volume
2023-10-25,33.41999816894531,33.63999938964844,33.099998474121094,33.41999816894531,32.37701416015625,1169900
2023-10-26,33.470001220703125,33.88999938964844,33.25,33.59000015258789,32.541709899902344,892500
2023-10-27,33.5099983215332,33.5099983215332,32.79999923706055,32.869998931884766,31.844181060791016,866500
2023-10-30,33.0099983215332,33.13999938964844,32.61000061035156,33.11000061035156,32.07668685913086,849900
2023-10-31,33.22999954223633,33.869998931884766,33.08000183105469,33.540000915527344,32.49326705932617,887500
2023-11-01,33.45000076293945,33.45000076293945,32.7599983215332,33.0099983215332,31.97981071472168,1142200
2023-11-02,33.29999923706055,34.040000915527344,33.11000061035156,34.029998779296875,32.967979431152344,740900
2023-11-03,34.560001373291016,34.779998779296875,34.279998779296875,34.380001068115234,33.30705642700195,735500
2023-11-06,34.33000183105469,34.52000045776367,34.040000915527344,34.470001220703125,33.394248962402344,1293100
2023-11-07,34.439998626708984,34.720001220703125,34.119998931884766,34.65999984741211,33.57831954956055,715400
2023-11-08,34.7599983215332,35.029998779296875,34.59000015258789,34.75,33.66550827026367,1246800
2023-11-09,31.829999923706055,32.20000076293945,29.40999984741211,31.600000381469727,30.613815307617188,5291000
2023-11-10,32.08000183105469,32.400001525878906,31.450000762939453,32.29999923706055,31.29197120666504,1845600
2023-11-13,32.11000061035156,32.29999923706055,31.729999542236328,32.02000045776367,31.020708084106445,1833600
2023-11-14,32.439998626708984,33.56999969482422,32.22999954223633,33.47999954223633,32.43514633178711,1801000
2023-11-15,33.5,33.970001220703125,33.380001068115234,33.540000915527344,32.49326705932617,1088800
2023-11-16,33.65999984741211,33.86000061035156,33.22999954223633,33.38999938964844,32.347957611083984,1375700
2023-11-17,33.65999984741211,34.04999923706055,33.279998779296875,33.939998626708984,32.88079071044922,1206600
2023-11-20,33.77000045776367,34.380001068115234,33.59000015258789,34.18000030517578,33.11330032348633,985000
2023-11-21,34.13999938964844,34.36000061035156,33.65999984741211,33.68000030517578,32.62889862060547,1980700
2023-11-22,33.88999938964844,33.970001220703125,33.33000183105469,33.459999084472656,32.415767669677734,4717600
2023-11-24,33.540000915527344,33.7400016784668,33.369998931884766,33.61000061035156,32.56108093261719,800700
2023-11-27,33.43000030517578,33.619998931884766,33.25,33.470001220703125,32.42545700073242,1328200
2023-11-28,33.38999938964844,33.849998474121094,33.18000030517578,33.709999084472656,32.657962799072266,1017800
2023-11-29,33.880001068115234,34.02000045776367,33.52000045776367,33.77000045776367,32.716094970703125,1031300
2023-11-30,33.880001068115234,34.09000015258789,33.619998931884766,33.959999084472656,32.90016555786133,1065100
2023-12-01,33.83000183105469,34.77000045776367,33.83000183105469,34.7599983215332,33.67519760131836,1063400
2023-12-04,34.220001220703125,35,34.220001220703125,34.72999954223633,33.64613723754883,1212000
2023-12-05,34.540000915527344,34.709999084472656,33.95000076293945,34.13999938964844,33.074546813964844,1068000
2023-12-06,34.279998779296875,34.66999816894531,34.25,34.31999969482422,33.248931884765625,813200
2023-12-07,34.15999984741211,34.349998474121094,33.84000015258789,34.29999923706055,33.363704681396484,1035500
2023-12-08,34.29999923706055,34.650001525878906,34.2599983215332,34.36000061035156,33.42207336425781,771700
2023-12-11,34.29999923706055,34.95000076293945,34.29999923706055,34.529998779296875,33.58742904663086,1341900
2023-12-12,34.349998474121094,34.52000045776367,33.90999984741211,34.38999938964844,33.45124435424805,1593600
2023-12-13,34.439998626708984,34.86000061035156,34.06999969482422,34.75,33.801422119140625,4490000
2023-12-14,34.90999984741211,35.77000045776367,34.90999984741211,35.380001068115234,34.414222717285156,2433700
2023-12-15,35.18000030517578,35.27000045776367,34.70000076293945,34.779998779296875,33.83060836791992,4447900
2023-12-18,35.22999954223633,35.25,34.7400016784668,34.939998626708984,33.98623275756836,1088800
2023-12-19,35.029998779296875,35.279998779296875,34.439998626708984,34.65999984741211,33.71388626098633,1330400
2023-12-20,34.59000015258789,34.81999969482422,34.16999816894531,34.18000030517578,33.246986389160156,1407800
2023-12-21,34.38999938964844,34.58000183105469,34.08000183105469,34.4900016784668,33.54852294921875,995200
2023-12-22,34.650001525878906,34.900001525878906,34.41999816894531,34.59000015258789,33.64579772949219,789400
2023-12-26,34.619998931884766,34.779998779296875,34.5,34.619998931884766,33.67497634887695,774000
2023-12-27,34.58000183105469,34.65999984741211,34.380001068115234,34.540000915527344,33.5971565246582,761900
2023-12-28,34.290000915527344,34.70000076293945,34.290000915527344,34.61000061035156,33.66524887084961,878900
2023-12-29,34.560001373291016,34.88999938964844,34.40999984741211,34.709999084472656,33.76251220703125,1132400
2024-01-02,34.61000061035156,34.97999954223633,34.529998779296875,34.779998779296875,33.83060836791992,1023500
2024-01-03,34.41999816894531,34.630001068115234,34.06999969482422,34.09000015258789,33.15944290161133,1123600
2024-01-04,34.04999923706055,34.369998931884766,34.029998779296875,34.09000015258789,33.15944290161133,1089500
2024-01-05,34,34.5099983215332,34,34.189998626708984,33.25670623779297,1405200
2024-01-08,34.220001220703125,34.599998474121094,34.130001068115234,34.529998779296875,33.58742904663086,1067000
2024-01-09,34.2400016784668,34.470001220703125,34.119998931884766,34.43000030517578,33.49016189575195,729700
2024-01-10,34.439998626708984,34.54999923706055,34.029998779296875,34.27000045776367,33.334529876708984,710400
2024-01-11,34.18000030517578,34.36000061035156,33.779998779296875,34.33000183105469,33.39289474487305,912300
2024-01-12,34.599998474121094,34.88999938964844,34.47999954223633,34.79999923706055,33.85006332397461,979600
2024-01-16,34.41999816894531,34.970001220703125,34.33000183105469,34.900001525878906,33.947330474853516,1060200
2024-01-17,34.619998931884766,34.77000045776367,34.25,34.68000030517578,33.73333740234375,1807000
2024-01-18,34.869998931884766,34.91999816894531,34.45000076293945,34.709999084472656,33.76251220703125,877700
2024-01-19,34.900001525878906,35.380001068115234,34.70000076293945,35.36000061035156,34.394775390625,976700
2024-01-22,35.540000915527344,36.20000076293945,35.459999084472656,36.18000030517578,35.19239044189453,1186100
2024-01-23,36.400001525878906,36.540000915527344,36.150001525878906,36.36000061035156,35.36748123168945,1360000
2024-01-24,36.56999969482422,36.81999969482422,36.08000183105469,36.22999954223633,35.24102783203125,1794400
2024-01-25,36.5,36.77000045776367,35.93000030517578,36.15999984741211,35.172935485839844,1394200
2024-01-26,36.34000015258789,36.900001525878906,36.2400016784668,36.29999923706055,35.30911636352539,1180600
2024-01-29,36.2400016784668,36.38999938964844,35.91999816894531,36.369998931884766,35.377201080322266,953700
2024-01-30,35.959999084472656,36.54999923706055,35.90999984741211,36.400001525878906,35.40638732910156,1793200
2024-01-31,36.650001525878906,36.869998931884766,35.88999938964844,35.900001525878906,34.9200325012207,1751100
2024-02-01,35.939998626708984,36.619998931884766,35.79999923706055,36.400001525878906,35.40638732910156,2546100
2024-02-02,36.04999923706055,36.04999923706055,34.880001068115234,35.08000183105469,34.12241744995117,1733300
2024-02-05,34.900001525878906,34.95000076293945,34.400001525878906,34.630001068115234,33.68470001220703,1357300
2024-02-06,34.630001068115234,35.189998626708984,34.529998779296875,34.9900016784668,34.03487777709961,1662100
2024-02-07,34.959999084472656,35.13999938964844,34.599998474121094,34.810001373291016,33.85978317260742,1577300
2024-02-08,34.810001373291016,35.369998931884766,34.66999816894531,34.939998626708984,33.98623275756836,2209600
2024-02-09,36,37.060001373291016,35.41999816894531,36.529998779296875,35.532833099365234,2750800
2024-02-12,36.54999923706055,36.7400016784668,35.849998474121094,36.060001373291016,35.07566833496094,1685800
2024-02-13,35.52000045776367,35.59000015258789,34.93000030517578,35.08000183105469,34.12241744995117,2554800
2024-02-14,35.5,35.66999816894531,35.119998931884766,35.63999938964844,34.6671257019043,1041300
2024-02-15,35.869998931884766,36.61000061035156,35.86000061035156,35.93000030517578,34.949214935302734,1131200
2024-02-16,35.810001373291016,36.18000030517578,35.619998931884766,35.90999984741211,34.92976379394531,1117200
2024-02-20,35.630001068115234,36.2400016784668,35.56999969482422,36.11000061035156,35.12430191040039,1411000
2024-02-21,35.9900016784668,36.119998931884766,35.689998626708984,35.75,34.77412414550781,1141000
2024-02-22,35.90999984741211,36.310001373291016,35.779998779296875,36.25,35.26047897338867,981900
2024-02-23,36.369998931884766,36.560001373291016,36.27000045776367,36.29999923706055,35.30911636352539,708100
2024-02-26,36.189998626708984,36.4900016784668,35.959999084472656,35.9900016784668,35.00757598876953,1075200
2024-02-27,36.040000915527344,36.20000076293945,35.470001220703125,35.56999969482422,34.59903335571289,789200
2024-02-28,35.150001525878906,35.150001525878906,34.40999984741211,34.810001373291016,33.85978317260742,1439200
2024-02-29,35.060001373291016,35.060001373291016,33.97999954223633,34,33.0718994140625,2604700
2024-03-01,34,34.2400016784668,33.599998474121094,33.939998626708984,33.01353454589844,2374000
2024-03-04,34.119998931884766,35.029998779296875,34.08000183105469,34.88999938964844,33.93760299682617,1659900
2024-03-05,34.689998626708984,34.79999923706055,34.38999938964844,34.54999923706055,33.60688781738281,950000
2024-03-06,34.65999984741211,34.779998779296875,33.91999816894531,34,33.0718994140625,1007200
2024-03-07,34.20000076293945,34.61000061035156,34.15999984741211,34.5099983215332,33.56797790527344,1224800
2024-03-08,34.52000045776367,34.72999954223633,34.36000061035156,34.369998931884766,33.5806770324707,984200
2024-03-11,34.27000045776367,34.459999084472656,33.880001068115234,33.900001525878906,33.1214714050293,1686300
2024-03-12,33.88999938964844,34.09000015258789,33.650001525878906,33.91999816894531,33.14101028442383,1360900
2024-03-13,33.91999816894531,34.310001373291016,33.7599983215332,33.790000915527344,33.013999938964844,1576100
2024-03-14,33.7599983215332,33.81999969482422,33.209999084472656,33.38999938964844,32.62318420410156,2842900
2024-03-15,33.13999938964844,33.52000045776367,32.90999984741211,33.119998931884766,32.35938262939453,3236500
2024-03-18,33.220001220703125,33.68000030517578,32.880001068115234,33.2599983215332,32.49617004394531,2596300
2024-03-19,33.25,33.880001068115234,33.25,33.7400016784668,32.965145111083984,1740400
2024-03-20,33.63999938964844,33.7599983215332,33.27000045776367,33.540000915527344,32.769737243652344,935500
2024-03-21,33.4900016784668,33.4900016784668,32.540000915527344,32.66999816894531,31.91971778869629,2203900
2024-03-22,32.880001068115234,32.880001068115234,31.809999465942383,31.8799991607666,31.147859573364258,1848800
2024-03-25,31.920000076293945,32.380001068115234,31.899999618530273,32.20000076293945,31.460512161254883,1199400
2024-03-26,32.15999984741211,32.34000015258789,31.850000381469727,32.310001373291016,31.567989349365234,1547800
2024-03-27,32.47999954223633,32.83000183105469,32.439998626708984,32.7599983215332,32.007652282714844,1976300
2024-03-28,32.86000061035156,33.27000045776367,32.72999954223633,32.95000076293945,32.19328689575195,2025500
2024-04-01,33,33.0099983215332,32.5099983215332,32.61000061035156,31.861099243164062,1458100
2024-04-02,32.470001220703125,32.810001373291016,31.920000076293945,32.04999923706055,31.31395721435547,2240400
2024-04-03,32,32.27000045776367,31.940000534057617,32.099998474121094,31.36280632019043,1831400
2024-04-04,32.36000061035156,32.529998779296875,31.950000762939453,31.959999084472656,31.226024627685547,2029800
2024-04-05,31.739999771118164,31.959999084472656,31.100000381469727,31.639999389648438,30.913373947143555,2477800
2024-04-08,31.760000228881836,32.040000915527344,31.729999542236328,31.81999969482422,31.08924102783203,1217300
2024-04-09,31.969999313354492,32.36000061035156,31.889999389648438,32.36000061035156,31.616838455200195,1442200
2024-04-10,31.809999465942383,32.08000183105469,31.399999618530273,31.760000228881836,31.03061866760254,1891900
2024-04-11,31.920000076293945,31.969999313354492,31.559999465942383,31.760000228881836,31.03061866760254,1102400
2024-04-12,31.6200008392334,31.700000762939453,31.190000534057617,31.209999084472656,30.49324607849121,996500
2024-04-15,31.6200008392334,31.6200008392334,30.600000381469727,30.649999618530273,29.946107864379883,957800
2024-04-16,30.520000457763672,30.719999313354492,30.309999465942383,30.6299991607666,29.92656707763672,1101100
2024-04-17,30.709999084472656,30.899999618530273,30.420000076293945,30.559999465942383,29.85817527770996,2222000
2024-04-18,30.56999969482422,30.989999771118164,30.229999542236328,30.889999389648438,30.18059730529785,1295500
2024-04-19,30.920000076293945,31.65999984741211,30.81999969482422,31.59000015258789,30.86452293395996,1297300
2024-04-22,31.549999237060547,31.75,31.290000915527344,31.540000915527344,30.815671920776367,1044600
2024-04-23,31.510000228881836,31.700000762939453,31.489999771118164,31.649999618530273,30.92314338684082,909600
2024-04-24,31.540000915527344,31.899999618530273,31.399999618530273,31.760000228881836,31.03061866760254,1709500
2024-04-25,31.68000030517578,31.899999618530273,30.540000915527344,30.690000534057617,29.985191345214844,3687700
2024-04-26,30.760000228881836,31.239999771118164,30.700000762939453,30.899999618530273,30.190366744995117,1665700
2024-04-29,31.09000015258789,31.399999618530273,31.030000686645508,31.06999969482422,30.356464385986328,971200
2024-04-30,31.020000457763672,31.510000228881836,30.729999542236328,30.739999771118164,30.034042358398438,2027300
2024-05-01,30.6299991607666,31.040000915527344,30.559999465942383,30.719999313354492,30.014503479003906,1203800
2024-05-02,30.93000030517578,31.450000762939453,30.75,31.309999465942383,30.590951919555664,1431500
2024-05-03,31.700000762939453,31.739999771118164,31.139999389648438,31.34000015258789,30.620262145996094,1030100
2024-05-06,31.65999984741211,32.31999969482422,31.43000030517578,32.290000915527344,31.548444747924805,1774400
2024-05-07,32.439998626708984,32.66999816894531,32.310001373291016,32.5099983215332,31.763389587402344,2086900
2024-05-08,32.369998931884766,32.5099983215332,32.11000061035156,32.380001068115234,31.636381149291992,1692700
2024-05-09,32.43000030517578,32.470001220703125,31.790000915527344,32.04999923706055,31.31395721435547,2088300
2024-05-10,33.34000015258789,34.810001373291016,33.15999984741211,33.20000076293945,32.43754577636719,3511400
2024-05-13,33.45000076293945,34.0099983215332,33.349998474121094,33.91999816894531,33.14101028442383,2057800
2024-05-14,34.25,34.56999969482422,34.0099983215332,34.06999969482422,33.28756332397461,1704300
2024-05-15,34.279998779296875,34.59000015258789,34.189998626708984,34.470001220703125,33.678382873535156,1153900
2024-05-16,34.65999984741211,34.810001373291016,34.369998931884766,34.43000030517578,33.63930130004883,1016600
2024-05-17,34.220001220703125,34.33000183105469,33.75,34.310001373291016,33.52205276489258,2030100
2024-05-20,34.18000030517578,34.470001220703125,34.18000030517578,34.36000061035156,33.57090759277344,1066300
2024-05-21,34.27000045776367,34.36000061035156,33.81999969482422,34.0099983215332,33.22894287109375,1051700
2024-05-22,33.9900016784668,34.38999938964844,33.970001220703125,34.279998779296875,33.49274444580078,1179300
2024-05-23,34.22999954223633,34.29999923706055,33.689998626708984,33.83000183105469,33.05308151245117,1331600
2024-05-24,33.959999084472656,33.970001220703125,33.310001373291016,33.5099983215332,32.74042510986328,1120900
2024-05-28,33.54999923706055,33.56999969482422,33.04999923706055,33.2400016784668,32.47663497924805,1681500
2024-05-29,33,33.279998779296875,32.810001373291016,32.959999084472656,32.20305633544922,1101400
2024-05-30,32.9900016784668,33.0099983215332,32.2400016784668,32.560001373291016,31.8122501373291,1428600
2024-05-31,32.58000183105469,33.08000183105469,32.310001373291016,33.060001373291016,32.3007698059082,1404300
2024-06-03,33,33,32.29999923706055,32.349998474121094,31.607067108154297,1596900
2024-06-04,32.25,33.16999816894531,32.2400016784668,33.08000183105469,32.320308685302734,1320200
2024-06-05,33.15999984741211,33.29999923706055,32.75,33.20000076293945,32.43754577636719,1295800
2024-06-06,33.119998931884766,33.59000015258789,33.11000061035156,33.25,32.48639678955078,1025000
2024-06-07,33.06999969482422,33.400001525878906,32.95000076293945,33.34000015258789,32.5743293762207,1011000
2024-06-10,32.849998474121094,33.06999969482422,32.65999984741211,32.880001068115234,32.27300262451172,1307600
2024-06-11,32.810001373291016,32.810001373291016,32.2599983215332,32.66999816894531,32.06687545776367,1038100
2024-06-12,33.189998626708984,33.27000045776367,32.40999984741211,32.43000030517578,31.83130645751953,1126900
2024-06-13,32.36000061035156,32.45000076293945,31.40999984741211,31.43000030517578,30.849769592285156,2047300
2024-06-14,31.290000915527344,31.290000915527344,30.84000015258789,30.950000762939453,30.378631591796875,1496800
2024-06-17,30.809999465942383,31.200000762939453,30.639999389648438,31.139999389648438,30.565120697021484,824800
2024-06-18,31.219999313354492,31.559999465942383,30.790000915527344,31.049999237060547,30.476781845092773,1379300
2024-06-20,31.09000015258789,31.940000534057617,31,31.649999618530273,31.065706253051758,1024200
2024-06-21,31.75,32.099998474121094,31.600000381469727,32.060001373291016,31.468137741088867,2025600
2024-06-24,32.25,32.709999084472656,32.0099983215332,32.029998779296875,31.438690185546875,1071200
2024-06-25,32.0099983215332,32.2400016784668,31.350000381469727,31.770000457763672,31.18349266052246,944700
2024-06-26,31.549999237060547,31.90999984741211,31.489999771118164,31.809999465942383,31.22275161743164,961400
2024-06-27,31.940000534057617,32.060001373291016,31.709999084472656,31.989999771118164,31.399429321289062,1593000
2024-06-28,32.119998931884766,32.27000045776367,31.709999084472656,32.189998626708984,31.595735549926758,2706500
2024-07-01,32.189998626708984,32.45000076293945,31.899999618530273,32.040000915527344,31.448509216308594,1056000
2024-07-02,32.0099983215332,32.060001373291016,31.59000015258789,31.799999237060547,31.21293830871582,1047600
2024-07-03,31.850000381469727,32.04999923706055,31.610000610351562,31.829999923706055,31.24238395690918,460000
2024-07-05,31.610000610351562,31.739999771118164,31.030000686645508,31.049999237060547,30.476781845092773,2005100
2024-07-08,31.290000915527344,31.510000228881836,31.110000610351562,31.31999969482422,30.741798400878906,816800
2024-07-09,31.799999237060547,31.799999237060547,30.889999389648438,30.959999084472656,30.388442993164062,941600
2024-07-10,30.889999389648438,31.079999923706055,30.3799991607666,31.040000915527344,30.466968536376953,977800
2024-07-11,31.420000076293945,32.08000183105469,31.34000015258789,31.8700008392334,31.281646728515625,756200
2024-07-12,32.099998474121094,32.66999816894531,31.940000534057617,32.45000076293945,31.850940704345703,845600
2024-07-15,32.56999969482422,33.209999084472656,32.54999923706055,32.97999954223633,32.371158599853516,876100
2024-07-16,33.209999084472656,33.88999938964844,33.13999938964844,33.72999954223633,33.1073112487793,859800
2024-07-17,33.900001525878906,34.2599983215332,33.86000061035156,34.0099983215332,33.38213348388672,1077800
2024-07-18,33.689998626708984,34.560001373291016,33.630001068115234,33.68000030517578,33.058231353759766,1059100
2024-07-19,33.45000076293945,33.599998474121094,32.90999984741211,33.27000045776367,32.655799865722656,942300
2024-07-22,33.33000183105469,33.56999969482422,33.040000915527344,33.5099983215332,32.8913688659668,622700
2024-07-23,33.369998931884766,33.70000076293945,33.150001525878906,33.52000045776367,32.901187896728516,753600
2024-07-24,33.47999954223633,33.779998779296875,33.41999816894531,33.52000045776367,32.901187896728516,918900
2024-07-25,33.58000183105469,34.560001373291016,33.5099983215332,34.11000061035156,33.48029327392578,782300
2024-07-26,34.45000076293945,34.810001373291016,34.2599983215332,34.36000061035156,33.725677490234375,705500
2024-07-29,34.29999923706055,34.86000061035156,34.29999923706055,34.689998626708984,34.049583435058594,1083100
2024-07-30,34.779998779296875,35.09000015258789,34.58000183105469,34.91999816894531,34.27533721923828,823300
2024-07-31,34.849998474121094,35.16999816894531,34.619998931884766,34.66999816894531,34.02995300292969,739800
2024-08-01,34.66999816894531,34.88999938964844,33.849998474121094,34.18000030517578,33.54899978637695,892500
2024-08-02,33.849998474121094,33.900001525878906,33.15999984741211,33.849998474121094,33.22509002685547,768900
2024-08-05,32.5,33.029998779296875,32.290000915527344,32.470001220703125,31.87057113647461,1347700
2024-08-06,32.439998626708984,32.849998474121094,32.220001220703125,32.31999969482422,31.723337173461914,809000
2024-08-07,32.540000915527344,32.939998626708984,32.27000045776367,32.279998779296875,31.68407440185547,1191400
2024-08-08,32.349998474121094,32.650001525878906,32.18000030517578,32.400001525878906,31.801864624023438,1269400
2024-08-09,36.36000061035156,37.7400016784668,35.41999816894531,37.5,36.807708740234375,2566600
2024-08-12,37.349998474121094,37.369998931884766,36.439998626708984,36.54999923706055,35.875247955322266,2121700
2024-08-13,36.790000915527344,37.75,36.790000915527344,37.560001373291016,36.86660385131836,1647000
2024-08-14,37.599998474121094,37.63999938964844,37.279998779296875,37.56999969482422,36.87641525268555,902600
2024-08-15,37.900001525878906,38.369998931884766,37.720001220703125,38.22999954223633,37.524234771728516,1072100
2024-08-16,38.20000076293945,38.52000045776367,38.130001068115234,38.279998779296875,37.57331085205078,1607900
2024-08-19,38.31999969482422,38.7400016784668,38.220001220703125,38.65999984741211,37.946292877197266,918800
2024-08-20,38.56999969482422,38.77000045776367,38.400001525878906,38.75,38.03463363647461,1105600
2024-08-21,38.900001525878906,39.119998931884766,38.70000076293945,39.02000045776367,38.29964828491211,774700
2024-08-22,39.20000076293945,39.290000915527344,38.83000183105469,38.869998931884766,38.15241622924805,948300
2024-08-23,39.13999938964844,39.95000076293945,38.849998474121094,39.11000061035156,38.38798904418945,851500
2024-08-26,39.22999954223633,39.599998474121094,39.09000015258789,39.119998931884766,38.39780044555664,922500
2024-08-27,39.060001373291016,39.47999954223633,38.84000015258789,39.45000076293945,38.721710205078125,816700
2024-08-28,39.31999969482422,39.77000045776367,39.09000015258789,39.15999984741211,38.43706512451172,1114800
2024-08-29,39.310001373291016,39.650001525878906,39.119998931884766,39.279998779296875,38.554847717285156,633500
2024-08-30,39.33000183105469,39.5,38.90999984741211,39.22999954223633,38.50577163696289,1137900
2024-09-03,39.119998931884766,39.52000045776367,38.630001068115234,38.7400016784668,38.02482223510742,900400
2024-09-04,38.560001373291016,39.02000045776367,38.5,38.9900016784668,38.270206451416016,803500
2024-09-05,38.91999816894531,39.209999084472656,38.11000061035156,38.20000076293945,37.49478530883789,1548400
2024-09-06,38.20000076293945,38.83000183105469,37.900001525878906,38.33000183105469,37.62239074707031,2549900
2024-09-09,38.13999938964844,39.060001373291016,38.08000183105469,38.7599983215332,38.0444450378418,1851600
2024-09-10,38.7400016784668,39,38.45000076293945,38.880001068115234,38.162235260009766,1708700
2024-09-11,38.5099983215332,38.689998626708984,37.83000183105469,38.65999984741211,38.09621047973633,1268700
2024-09-12,38.709999084472656,38.90999984741211,38.33000183105469,38.5,37.938541412353516,1180600
2024-09-13,38.650001525878906,39.349998474121094,38.619998931884766,39.290000915527344,38.7170295715332,1146400
2024-09-16,39.20000076293945,39.560001373291016,38.7400016784668,39,38.431251525878906,1175900
2024-09-17,39.06999969482422,39.2400016784668,38.349998474121094,38.54999923706055,37.98781204223633,815900
2024-09-18,38.59000015258789,38.66999816894531,38.04999923706055,38.33000183105469,37.771026611328125,795900
2024-09-19,38.869998931884766,38.869998931884766,38.099998474121094,38.47999954223633,37.9188346862793,840500
2024-09-20,38.41999816894531,38.68000030517578,38.20000076293945,38.68000030517578,38.11591720581055,2834400
2024-09-23,38.77000045776367,39.11000061035156,38.470001220703125,39.02000045776367,38.45095443725586,855300
2024-09-24,39,39.099998474121094,38.720001220703125,39.0099983215332,38.441104888916016,782300
2024-09-25,39.0099983215332,39.150001525878906,38.470001220703125,38.72999954223633,38.16518783569336,1470200
2024-09-26,38.9900016784668,39.5,38.88999938964844,39.02000045776367,38.45095443725586,1533000
2024-09-27,39.27000045776367,39.380001068115234,38.7400016784668,38.75,38.18489456176758,777400
2024-09-30,38.68000030517578,39.2400016784668,38.619998931884766,39.209999084472656,38.638187408447266,1037600
2024-10-01,39.209999084472656,39.619998931884766,39.09000015258789,39.43000030517578,38.85498046875,1105400
2024-10-02,39.33000183105469,39.65999984741211,39,39.2599983215332,38.68745422363281,884400
2024-10-03,38.900001525878906,39.27000045776367,38.630001068115234,39.27000045776367,38.69731140136719,1086200
2024-10-04,39.689998626708984,39.88999938964844,39.27000045776367,39.619998931884766,39.04220962524414,1116100
2024-10-07,39.47999954223633,39.79999923706055,39.47999954223633,39.560001373291016,38.983089447021484,1436500
2024-10-08,39.66999816894531,39.709999084472656,38.83000183105469,38.91999816894531,38.352413177490234,814200
2024-10-09,39.18000030517578,39.33000183105469,38.880001068115234,38.97999954223633,38.41154479980469,1162700
2024-10-10,38.84000015258789,38.880001068115234,38.16999816894531,38.369998931884766,37.81044006347656,820800
2024-10-11,38.470001220703125,38.9900016784668,38.439998626708984,38.959999084472656,38.3918342590332,623500
2024-10-14,39.040000915527344,39.220001220703125,38.86000061035156,39.130001068115234,38.559356689453125,608800
2024-10-15,39.16999816894531,39.650001525878906,39.040000915527344,39.33000183105469,38.756439208984375,697400
2024-10-16,39.310001373291016,39.7599983215332,39.279998779296875,39.52000045776367,38.943668365478516,479500
2024-10-17,39.349998474121094,39.540000915527344,38.459999084472656,38.47999954223633,37.9188346862793,865900
2024-10-18,38.650001525878906,39,38.45000076293945,38.95000076293945,38.38198471069336,632100
2024-10-21,38.810001373291016,39,38.5,38.630001068115234,38.066650390625,539600
2024-10-22,38.33000183105469,38.75,38.16999816894531,38.209999084472656,37.65277099609375,654200
2024-10-23,38.11000061035156,38.540000915527344,38.06999969482422,38.369998931884766,37.81044006347656,745200
2024-10-24,38.31999969482422,38.54999923706055,38.09000015258789,38.40999984741211,37.849853515625,619500
2024-10-25,38.439998626708984,38.709999084472656,38.119998931884766,38.34000015258789,37.78087615966797,1181400
2024-10-28,38.560001373291016,38.810001373291016,38.20000076293945,38.29999923706055,37.741458892822266,1092800
2024-10-29,38.15999984741211,38.369998931884766,37.81999969482422,38.189998626708984,37.63306427001953,597700
2024-10-30,38.029998779296875,38.540000915527344,37.88999938964844,38.41999816894531,37.85970687866211,675000
2024-10-31,38.41999816894531,38.650001525878906,38.150001525878906,38.16999816894531,37.61334991455078,894600
2024-11-01,38.189998626708984,38.5,38.04999923706055,38.34000015258789,37.78087615966797,988700
2024-11-04,38.40999984741211,39.060001373291016,38.33000183105469,38.779998779296875,38.21446228027344,1069900
2024-11-05,38.59000015258789,39.150001525878906,38.58000183105469,39.09000015258789,38.519935607910156,779200
2024-11-06,40,40.529998779296875,39.650001525878906,40.47999954223633,39.889671325683594,1035900
2024-11-07,41.040000915527344,42.31999969482422,41,41.810001373291016,41.20027160644531,2518000
2024-11-08,45.209999084472656,47.97999954223633,45.09000015258789,45.939998626708984,45.270042419433594,3649600
2024-11-11,46.20000076293945,46.83000183105469,45.77000045776367,46.65999984741211,45.97954559326172,1419800
2024-11-12,46.470001220703125,46.90999984741211,46.060001373291016,46.66999816894531,45.98939514160156,1998800
2024-11-13,46.58000183105469,46.7599983215332,45.79999923706055,45.90999984741211,45.240478515625,1233400
2024-11-14,45.900001525878906,46.08000183105469,44.959999084472656,45.099998474121094,44.442291259765625,982800
2024-11-15,44.93000030517578,45.220001220703125,44.29999923706055,44.790000915527344,44.13681411743164,1148700
2024-11-18,44.900001525878906,45.36000061035156,44.650001525878906,44.689998626708984,44.038272857666016,1123000
2024-11-19,44.630001068115234,44.709999084472656,44.27000045776367,44.40999984741211,43.762351989746094,942600
2024-11-20,44.27000045776367,44.70000076293945,43.84000015258789,44.63999938964844,43.98899841308594,1305000
2024-11-21,44.61000061035156,45.959999084472656,44.529998779296875,45.81999969482422,45.15179443359375,1268500
2024-11-22,46,46.66999816894531,45.86000061035156,46.189998626708984,45.51639938354492,2887000
2024-11-25,46.650001525878906,46.75,46.220001220703125,46.63999938964844,45.959835052490234,5418500
2024-11-26,46.619998931884766,47.0099983215332,46.33000183105469,46.81999969482422,46.13720703125,988400
2024-11-27,46.880001068115234,47.06999969482422,46.22999954223633,46.4900016784668,45.8120231628418,1168100
2024-11-29,46.2599983215332,46.560001373291016,46.099998474121094,46.15999984741211,45.48683547973633,752300
2024-12-02,46.189998626708984,46.43000030517578,45.79999923706055,46.290000915527344,45.61494064331055,1286600
2024-12-03,46.290000915527344,46.369998931884766,45.56999969482422,45.650001525878906,44.984275817871094,1570200
2024-12-04,45.70000076293945,45.869998931884766,45.38999938964844,45.4900016784668,44.826602935791016,1390800
2024-12-05,45.06999969482422,45.40999984741211,45,45.2599983215332,44.59995651245117,1539000
2024-12-06,45.459999084472656,45.68000030517578,44.970001220703125,45.15999984741211,44.50141525268555,1160800
2024-12-09,45.15999984741211,45.349998474121094,44.790000915527344,44.83000183105469,44.32640838623047,1635900
2024-12-10,44.79999923706055,44.900001525878906,44.16999816894531,44.72999954223633,44.2275276184082,1971700
2024-12-11,44.83000183105469,45.33000183105469,44.650001525878906,45.099998474121094,44.5933723449707,1681900
2024-12-12,44.810001373291016,45.040000915527344,44.209999084472656,44.72999954223633,44.2275276184082,1164100
2024-12-13,44.720001220703125,44.93000030517578,44.43000030517578,44.66999816894531,44.16819763183594,913800
2024-12-16,44.5,44.58000183105469,43.59000015258789,43.63999938964844,43.14977264404297,2112900
2024-12-17,43.599998474121094,44.11000061035156,43.060001373291016,43.27000045776367,42.783931732177734,1065300
2024-12-18,43.380001068115234,43.45000076293945,41.970001220703125,42.06999969482422,41.597408294677734,1267500
2024-12-19,42.40999984741211,42.91999816894531,42.16999816894531,42.29999923706055,41.824825286865234,1589100
2024-12-20,42.29999923706055,42.77000045776367,41.970001220703125,42.189998626708984,41.716060638427734,5714100
2024-12-23,42,43.0099983215332,41.810001373291016,42.880001068115234,42.398311614990234,1512100
2024-12-24,42.779998779296875,42.79999923706055,42.56999969482422,42.70000076293945,42.220333099365234,405200
2024-12-26,42.650001525878906,43.279998779296875,42.54999923706055,43.13999938964844,42.65538787841797,641500
2024-12-27,42.810001373291016,43.279998779296875,42.68000030517578,42.90999984741211,42.427974700927734,585700
2024-12-30,42.540000915527344,42.83000183105469,42.08000183105469,42.63999938964844,42.161006927490234,718400
2024-12-31,42.810001373291016,42.970001220703125,42.630001068115234,42.95000076293945,42.467529296875,705200
2025-01-02,43.18000030517578,43.61000061035156,42.84000015258789,42.9900016784668,42.507076263427734,800900
2025-01-03,42.97999954223633,43.54999923706055,42.29999923706055,43.529998779296875,43.04100799560547,1409700
2025-01-06,43.310001373291016,43.91999816894531,43.310001373291016,43.65999984741211,43.16954803466797,1302200
2025-01-07,43.70000076293945,43.91999816894531,42.58000183105469,42.880001068115234,42.398311614990234,1012300
2025-01-08,42.849998474121094,43.540000915527344,42.290000915527344,43.5099983215332,43.02123260498047,956300
2025-01-10,43.11000061035156,43.45000076293945,42.4900016784668,43.34000015258789,42.85314178466797,2485100
2025-01-13,43,44.400001525878906,42.880001068115234,44.310001373291016,43.81224822998047,1144600
2025-01-14,44.4900016784668,44.79999923706055,44.060001373291016,44.20000076293945,43.70348358154297,1578600
2025-01-15,44.84000015258789,45.029998779296875,43.880001068115234,44.31999969482422,43.82213592529297,1065400
2025-01-16,44.25,44.939998626708984,44.16999816894531,44.84000015258789,44.3362922668457,767800
2025-01-17,44.84000015258789,45.33000183105469,44.75,45.11000061035156,44.60326385498047,956900
2025-01-21,46.18000030517578,46.790000915527344,45.97999954223633,46.15999984741211,45.64146423339844,999500
2025-01-22,46.16999816894531,46.40999984741211,45.65999984741211,45.810001373291016,45.29540252685547,973500
2025-01-23,45.790000915527344,46.599998474121094,45.720001220703125,46.16999816894531,45.65135192871094,1054800
2025-01-24,46.11000061035156,46.38999938964844,46.08000183105469,46.36000061035156,45.8392219543457,669200
2025-01-27,46.29999923706055,46.90999984741211,45.970001220703125,46.380001068115234,45.8589973449707,1135000
2025-01-28,46.380001068115234,47.84000015258789,46.099998474121094,47.63999938964844,47.10483932495117,2464500
2025-01-29,47.72999954223633,48.13999938964844,47.47999954223633,47.540000915527344,47.00596237182617,2053800
2025-01-30,47.9900016784668,48.5099983215332,47.79999923706055,48.41999816894531,47.87607955932617,1943500
2025-01-31,48,48.7400016784668,47.9900016784668,48.689998626708984,48.143043518066406,2627200
2025-02-03,47.93000030517578,49.150001525878906,47.77000045776367,48.93000030517578,48.380348205566406,1323900
2025-02-04,48.83000183105469,49.470001220703125,48.599998474121094,49.36000061035156,48.805519104003906,1179200
2025-02-05,49.5,49.68000030517578,49,49.40999984741211,48.85495376586914,1145100
2025-02-06,49.5,49.68000030517578,49.029998779296875,49.400001525878906,48.84507369995117,1261000
2025-02-07,54.93000030517578,56.7599983215332,54.33000183105469,54.95000076293945,54.332725524902344,4185600
2025-02-10,54.93000030517578,55.33000183105469,54.150001525878906,54.439998626708984,53.82844924926758,2640600
2025-02-11,54.400001525878906,55.2599983215332,53.86000061035156,54.77000045776367,54.154747009277344,2119900
2025-02-12,54.27000045776367,55.08000183105469,53.779998779296875,54.900001525878906,54.283287048339844,1780300
2025-02-13,54.90999984741211,55.84000015258789,54.619998931884766,55.540000915527344,54.91609573364258,1282600
2025-02-14,55.34000015258789,55.54999923706055,54.689998626708984,55.04999923706055,54.43159866333008,1599300
2025-02-18,54.91999816894531,55.5,54.599998474121094,54.689998626708984,54.075645446777344,1485700
2025-02-19,55,55.220001220703125,54.66999816894531,54.959999084472656,54.34260940551758,1332600
2025-02-20,54.58000183105469,54.75,53.959999084472656,54.47999954223633,53.868003845214844,1247000
2025-02-21,54.45000076293945,55,53.13999938964844,53.25,52.651817321777344,1745100
2025-02-24,53.279998779296875,53.41999816894531,52.459999084472656,52.5,51.910247802734375,1608700
2025-02-25,52.54999923706055,52.7599983215332,51.91999816894531,52.400001525878906,51.811370849609375,1430400
2025-02-26,52.400001525878906,53.189998626708984,52.33000183105469,52.880001068115234,52.28597640991211,2545500
2025-02-27,52.91999816894531,53.220001220703125,52.619998931884766,52.70000076293945,52.108001708984375,1186900
2025-02-28,52.52000045776367,53.36000061035156,52.33000183105469,53.220001220703125,52.62215805053711,2318400
2025-03-03,53.290000915527344,54,52.470001220703125,52.72999954223633,52.13766098022461,1598300
2025-03-04,52.400001525878906,52.83000183105469,51.810001373291016,52.2599983215332,51.672943115234375,1224300
2025-03-05,51,52.099998474121094,50.5099983215332,52.02000045776367,51.43563461303711,1300400
2025-03-06,51.650001525878906,52.029998779296875,50.86000061035156,51.0099983215332,50.436981201171875,1119100
2025-03-07,50.77000045776367,51.7400016784668,50.290000915527344,51.63999938964844,51.059906005859375,1027500
2025-03-10,51.27000045776367,51.68000030517578,49.790000915527344,50.220001220703125,49.65585708618164,1401900
2025-03-11,50.02000045776367,50.279998779296875,48.93000030517578,49.630001068115234,49.239166259765625,1277600
2025-03-12,50.189998626708984,50.189998626708984,48.5,49.099998474121094,48.71333694458008,1906900
2025-03-13,48.97999954223633,49.45000076293945,48.65999984741211,49.349998474121094,48.961368560791016,1440700
2025-03-14,49.470001220703125,50.15999984741211,49.349998474121094,50.13999938964844,49.745147705078125,927700
2025-03-17,50.209999084472656,50.61000061035156,49.779998779296875,50.369998931884766,49.97333908081055,1136100
2025-03-18,50.04999923706055,50.709999084472656,49.75,50.47999954223633,50.08246994018555,1215500
2025-03-19,50.650001525878906,51.279998779296875,50.470001220703125,51.11000061035156,50.70751190185547,782300
2025-03-20,50.68000030517578,50.880001068115234,49.400001525878906,49.439998626708984,49.050662994384766,1117700
2025-03-21,48.97999954223633,49.95000076293945,48.79999923706055,49.900001525878906,49.507041931152344,3102800
2025-03-24,50.33000183105469,50.40999984741211,49.560001373291016,49.93000030517578,49.53680419921875,1282700
2025-03-25,50.220001220703125,50.59000015258789,49.97999954223633,50.58000183105469,50.18168640136719,1420100
2025-03-26,50.880001068115234,51.27000045776367,50.33000183105469,50.34000015258789,49.943572998046875,2098100
2025-03-27,50.400001525878906,50.900001525878906,49.810001373291016,50.75,50.350345611572266,1834900
2025-03-28,50.540000915527344,50.81999969482422,49.4900016784668,50,49.60625076293945,1088500
2025-03-31,49.41999816894531,50.65999984741211,48.959999084472656,50.380001068115234,49.98326110839844,1253200
2025-04-01,50.15999984741211,50.619998931884766,49.43000030517578,50.560001373291016,50.161842346191406,932000
2025-04-02,50.209999084472656,50.709999084472656,49.970001220703125,50.529998779296875,50.132076263427734,1561100
2025-04-03,49.08000183105469,49.36000061035156,47.91999816894531,48.90999984741211,48.52483367919922,1974400
2025-04-04,47.630001068115234,48.400001525878906,46.79999923706055,47.06999969482422,46.69932556152344,2182700
2025-04-07,45.83000183105469,47.77000045776367,44.400001525878906,46.790000915527344,46.421531677246094,1845200
2025-04-08,48.06999969482422,48.06999969482422,44.54999923706055,45.08000183105469,44.72500228881836,1513200
2025-04-09,44.709999084472656,48.27000045776367,44.36000061035156,48.119998931884766,47.74105453491211,2597200
2025-04-10,47.27000045776367,47.66999816894531,45.58000183105469,46.709999084472656,46.342159271240234,1262900
2025-04-11,46.61000061035156,47.52000045776367,46.18000030517578,47.29999923706055,46.927513122558594,1090100
2025-04-14,47.95000076293945,48.15999984741211,47.369998931884766,48.0099983215332,47.63192367553711,1122500
2025-04-15,48.16999816894531,48.369998931884766,47.83000183105469,47.939998626708984,47.56247329711914,835200
2025-04-16,47.939998626708984,48.40999984741211,47.349998474121094,47.72999954223633,47.3541259765625,1087900
2025-04-17,47.900001525878906,48.08000183105469,47.40999984741211,47.599998474121094,47.22515106201172,903700
2025-04-21,47.36000061035156,47.63999938964844,46.06999969482422,46.68000030517578,46.31239700317383,954400
2025-04-22,47.310001373291016,47.54999923706055,47,47.349998474121094,46.97711944580078,1055900
2025-04-23,48,48.560001373291016,47.27000045776367,47.54999923706055,47.17554473876953,1398100
2025-04-24,47.36000061035156,48,47.130001068115234,47.81999969482422,47.44342041015625,1248600
2025-04-25,47.709999084472656,48.150001525878906,47.290000915527344,48.040000915527344,47.66168975830078,1003900
2025-04-28,48.2400016784668,48.709999084472656,47.540000915527344,48.2599983215332,47.87995529174805,1102400
2025-04-29,48.08000183105469,49.20000076293945,47.79999923706055,48.88999938964844,48.5049934387207,1169500
2025-04-30,48.56999969482422,50.400001525878906,47.88999938964844,50.2599983215332,49.86420440673828,1528500
2025-05-01,50,50.18000030517578,49.220001220703125,49.2400016784668,48.852237701416016,1498000
2025-05-02,49.84000015258789,50.40999984741211,49.529998779296875,49.709999084472656,49.31853485107422,1329300
2025-05-05,49.52000045776367,49.970001220703125,49.27000045776367,49.56999969482422,49.17963790893555,1574300
2025-05-06,49.22999954223633,49.91999816894531,49.22999954223633,49.68000030517578,49.28877258300781,1280400
2025-05-07,49.560001373291016,50.2400016784668,49.470001220703125,49.54999923706055,49.159793853759766,2337500
2025-05-08,41.959999084472656,42.75,38.97999954223633,42.040000915527344,41.70893859863281,8156000
2025-05-09,42.29999923706055,43.65999984741211,41.59000015258789,42.459999084472656,42.12562942504883,3115600
2025-05-12,43.31999969482422,43.810001373291016,42.630001068115234,43.540000915527344,43.19712829589844,2652500
2025-05-13,43.86000061035156,44.2400016784668,43.630001068115234,43.720001220703125,43.375709533691406,2537600
2025-05-14,43.86000061035156,44.060001373291016,42.880001068115234,43.22999954223633,42.889564514160156,1639700
2025-05-15,43.630001068115234,44.040000915527344,43.0099983215332,43.869998931884766,43.5245246887207,2345200
2025-05-16,43.18000030517578,44.349998474121094,43.18000030517578,44.189998626708984,43.842002868652344,2286900
2025-05-19,44,44.29999923706055,43.75,44.099998474121094,43.75271224975586,1257300
2025-05-20,44.099998474121094,44.56999969482422,43.97999954223633,44.439998626708984,44.09003448486328,1145600
2025-05-21,44.22999954223633,44.560001373291016,43.65999984741211,43.66999816894531,43.32609939575195,1215600
2025-05-22,43.63999938964844,43.93000030517578,43.290000915527344,43.52000045776367,43.17728042602539,1369200
2025-05-23,43.310001373291016,43.56999969482422,42.97999954223633,43.5099983215332,43.1673583984375,945800
2025-05-27,43.869998931884766,44.09000015258789,43.58000183105469,44,43.65350341796875,1269300
2025-05-28,43.90999984741211,44.4900016784668,43.83000183105469,44.130001068115234,43.78247833251953,1745400
2025-05-29,44.029998779296875,44.369998931884766,43.13999938964844,43.459999084472656,43.11775207519531,2026400
2025-05-30,43.43000030517578,43.43000030517578,42.59000015258789,43.04999923706055,42.71097946166992,1981500
2025-06-02,42.880001068115234,42.959999084472656,42.220001220703125,42.75,42.41334533691406,1238500
2025-06-03,42.52000045776367,42.849998474121094,42.2599983215332,42.7400016784668,42.40342712402344,1283700
2025-06-04,42.90999984741211,42.90999984741211,42.5,42.619998931884766,42.284366607666016,1439200
2025-06-05,42.7400016784668,43,42,42.099998474121094,41.768463134765625,1348100
2025-06-06,42.45000076293945,43.130001068115234,42.27000045776367,43.130001068115234,42.79035186767578,1607000
2025-06-09,43.2400016784668,43.540000915527344,42.54999923706055,43.20000076293945,42.85980224609375,2395200
2025-06-10,43.290000915527344,43.90999984741211,43.279998779296875,43.61000061035156,43.26657485961914,1381800
2025-06-11,43.790000915527344,44.11000061035156,43.47999954223633,43.849998474121094,43.50468063354492,1310200
2025-06-12,43.75,43.77000045776367,43.16999816894531,43.59000015258789,43.24673080444336,986500
2025-06-13,43.369998931884766,43.599998474121094,42.77000045776367,42.91999816894531,42.58200454711914,1287700
2025-06-16,43.08000183105469,44.099998474121094,43.08000183105469,44.040000915527344,43.69318771362305,1809100
2025-06-17,43.9900016784668,44.119998931884766,43.119998931884766,43.18000030517578,42.839962005615234,1179800
2025-06-18,43.20000076293945,43.20000076293945,42.029998779296875,42.099998474121094,41.933555603027344,1447400
2025-06-20,42.290000915527344,42.34000015258789,40.470001220703125,40.650001525878906,40.48929214477539,4414800
2025-06-23,40.7400016784668,41.65999984741211,40.619998931884766,41.5,41.33592987060547,1783900
2025-06-24,41.88999938964844,42.29999923706055,41.709999084472656,42.20000076293945,42.03316116333008,1860000
2025-06-25,42.119998931884766,42.5099983215332,41.59000015258789,41.720001220703125,41.55506134033203,1678300
2025-06-26,41.95000076293945,42.38999938964844,41.720001220703125,42.25,42.08296203613281,594000
2025-06-27,43.59000015258789,44.290000915527344,42.529998779296875,43.540000915527344,43.36786651611328,4096100
2025-06-30,43.79999923706055,44.09000015258789,43.41999816894531,44.0099983215332,43.836002349853516,1692500
2025-07-01,44.060001373291016,45.400001525878906,44.029998779296875,44.970001220703125,44.792213439941406,1662600
2025-07-02,44.91999816894531,45.060001373291016,44.459999084472656,44.9900016784668,44.8121337890625,1512900
2025-07-03,45.599998474121094,45.970001220703125,45.369998931884766,45.91999816894531,45.73845291137695,1088800
2025-07-07,45.790000915527344,46.75,45.619998931884766,46.060001373291016,45.87790298461914,2340000
2025-07-08,45.95000076293945,46.439998626708984,45.84000015258789,46.130001068115234,45.94762420654297,1389100
2025-07-09,46.16999816894531,46.33000183105469,45.290000915527344,45.689998626708984,45.509361267089844,985300
2025-07-10,45.650001525878906,45.79999923706055,45.2599983215332,45.29999923706055,45.120906829833984,1045100
2025-07-11,44.939998626708984,45.02000045776367,44.15999984741211,44.310001373291016,44.134822845458984,1127900
2025-07-14,44.380001068115234,45.099998474121094,44.349998474121094,44.900001525878906,44.72248840332031,1853500
2025-07-15,44.849998474121094,45.119998931884766,44.08000183105469,44.09000015258789,43.91569137573242,1406700
2025-07-16,44.439998626708984,44.90999984741211,44.290000915527344,44.869998931884766,44.692604064941406,1090900
2025-07-17,44.7400016784668,45.560001373291016,44.7400016784668,45.459999084472656,45.2802734375,1223100
2025-07-18,45.439998626708984,45.709999084472656,45.189998626708984,45.369998931884766,45.19062805175781,792300
2025-07-21,45.4900016784668,45.689998626708984,44.86000061035156,44.900001525878906,44.72248840332031,927700
2025-07-22,45.11000061035156,45.869998931884766,45.02000045776367,45.779998779296875,45.59900665283203,925700
2025-07-23,45.790000915527344,46.189998626708984,45.779998779296875,45.900001525878906,45.718536376953125,848500
2025-07-24,45.88999938964844,45.970001220703125,44.81999969482422,45.08000183105469,44.90177917480469,981400
2025-07-25,45.099998474121094,45.7400016784668,44.66999816894531,45.5099983215332,45.330074310302734,808300
2025-07-28,45.470001220703125,45.5099983215332,45.09000015258789,45.31999969482422,45.14082717895508,836700
2025-07-29,45.40999984741211,45.45000076293945,44.709999084472656,45.189998626708984,45.0113410949707,1011800
2025-07-30,45.2599983215332,45.81999969482422,44.119998931884766,44.20000076293945,44.0252571105957,1555700
2025-07-31,44.11000061035156,44.79999923706055,43.70000076293945,44.04999923706055,43.87584686279297,2574800
2025-08-01,43.09000015258789,43.380001068115234,42.380001068115234,42.4900016784668,42.322017669677734,2685900
2025-08-04,42.650001525878906,42.88999938964844,42.31999969482422,42.54999923706055,42.381778717041016,2597700
2025-08-05,42.75,42.91999816894531,41.709999084472656,42.369998931884766,42.20248794555664,2304700
2025-08-06,42.52000045776367,42.66999816894531,41.7599983215332,42.20000076293945,42.03316116333008,2756700
2025-08-07,42.5,42.529998779296875,41.59000015258789,41.720001220703125,41.55506134033203,3073800
2025-08-08,42.060001373291016,44.439998626708984,42.060001373291016,43.540000915527344,43.36786651611328,2940100
2025-08-11,43.599998474121094,44.09000015258789,43.18000030517578,43.25,43.079010009765625,1892200
2025-08-12,43.36000061035156,43.709999084472656,42.88999938964844,43.310001373291016,43.13877487182617,1400200
2025-08-13,43.400001525878906,44.2400016784668,43.38999938964844,44.220001220703125,44.0451774597168,1479000
2025-08-14,43.779998779296875,44.150001525878906,43.43000030517578,43.70000076293945,43.5272331237793,1556100
2025-08-15,43.66999816894531,44.02000045776367,43.52000045776367,43.65999984741211,43.487388610839844,2553300
2025-08-18,43.790000915527344,44.13999938964844,43.439998626708984,44.06999969482422,43.89576721191406,1961500
2025-08-19,44.290000915527344,44.900001525878906,44.119998931884766,44.790000915527344,44.61292266845703,1815600
2025-08-20,44.77000045776367,44.880001068115234,43.849998474121094,44.040000915527344,43.86588668823242,2568900
2025-08-21,43.779998779296875,44.54999923706055,43.61000061035156,44.52000045776367,44.343990325927734,1609300
2025-08-22,44.810001373291016,45.7400016784668,44.349998474121094,45.310001373291016,45.13086700439453,1741600
2025-08-25,45.29999923706055,45.47999954223633,45.09000015258789,45.45000076293945,45.27031326293945,1234900
2025-08-26,45.279998779296875,45.709999084472656,45.02000045776367,45.099998474121094,44.921695709228516,1169000
2025-08-27,45.040000915527344,45.47999954223633,44.86000061035156,45.40999984741211,45.230472564697266,2770200
2025-08-28,45.38999938964844,45.5,44.72999954223633,44.970001220703125,44.792213439941406,1510700
2025-08-29,44.970001220703125,45.369998931884766,44.65999984741211,45.34000015258789,45.16074752807617,1706100
2025-09-02,45.02000045776367,45.2599983215332,44.119998931884766,44.88999938964844,44.7125244140625,1495800
2025-09-03,45.11000061035156,45.290000915527344,44.5099983215332,45.20000076293945,45.02130126953125,2250800
2025-09-04,45.04999923706055,45.11000061035156,44.470001220703125,44.970001220703125,44.792213439941406,1378800
2025-09-05,44.93000030517578,45.650001525878906,44.630001068115234,44.880001068115234,44.70256805419922,1871700
2025-09-08,45.11000061035156,45.20000076293945,44.18000030517578,44.27000045776367,44.09497833251953,1500500
2025-09-09,44.04999923706055,44.33000183105469,43.689998626708984,43.689998626708984,43.517269134521484,1253400
2025-09-10,43.5,43.689998626708984,42.66999816894531,43,42.82999801635742,1983000
2025-09-11,43.02000045776367,43.540000915527344,42.81999969482422,43.33000183105469,43.33000183105469,2371600
2025-09-12,43.08000183105469,43.2400016784668,42.41999816894531,42.52000045776367,42.52000045776367,1532500
2025-09-15,42.4900016784668,42.79999923706055,42.08000183105469,42.11000061035156,42.11000061035156,1521100
2025-09-16,42.08000183105469,42.220001220703125,41.290000915527344,41.33000183105469,41.33000183105469,1441400
2025-09-17,41.38999938964844,41.9900016784668,41.2400016784668,41.77000045776367,41.77000045776367,1988200
2025-09-18,41.7400016784668,42.04999923706055,41.189998626708984,41.29999923706055,41.29999923706055,1277800
2025-09-19,41.2599983215332,41.43000030517578,40.880001068115234,41.11000061035156,41.11000061035156,5115400
2025-09-22,40.959999084472656,41.29999923706055,40.72999954223633,41.150001525878906,41.150001525878906,1433300
2025-09-23,41.27000045776367,41.459999084472656,40.79999923706055,41.060001373291016,41.060001373291016,1409700
2025-09-24,41.25,42.7599983215332,41.130001068115234,42.689998626708984,42.689998626708984,2900600
2025-09-25,42.529998779296875,42.7400016784668,41.34000015258789,41.790000915527344,41.790000915527344,2144300
2025-09-26,42.0099983215332,42.279998779296875,41.61000061035156,42.209999084472656,42.209999084472656,1459200
2025-09-29,42.209999084472656,42.5099983215332,41.91999816894531,42.16999816894531,42.16999816894531,1855500
2025-09-30,42,42.130001068115234,41.2599983215332,41.88999938964844,41.88999938964844,2448500
2025-10-01,41.720001220703125,42.06999969482422,41.58000183105469,41.84000015258789,41.84000015258789,1762900
2025-10-02,41.619998931884766,42.099998474121094,41.22999954223633,41.400001525878906,41.400001525878906,1842600
2025-10-03,41.38999938964844,41.54999923706055,40.970001220703125,41.209999084472656,41.209999084472656,1882200
2025-10-06,41.18000030517578,41.290000915527344,40.7400016784668,41.11000061035156,41.11000061035156,1510200
2025-10-07,41.150001525878906,41.36000061035156,40.58000183105469,40.70000076293945,40.70000076293945,1663100
2025-10-08,40.779998779296875,41.0099983215332,40.47999954223633,40.65999984741211,40.65999984741211,1365200
2025-10-09,40.7400016784668,40.869998931884766,39.939998626708984,40.18000030517578,40.18000030517578,1635100
2025-10-10,40.27000045776367,40.349998474121094,39.22999954223633,39.369998931884766,39.369998931884766,1372100
2025-10-13,39.40999984741211,39.880001068115234,39.029998779296875,39.52000045776367,39.52000045776367,1491500
2025-10-14,39.29999923706055,40.040000915527344,39.11000061035156,39.86000061035156,39.86000061035156,1323400
2025-10-15,39.86000061035156,39.91999816894531,39.2400016784668,39.41999816894531,39.41999816894531,1254400
2025-10-16,39.5,39.91999816894531,38.220001220703125,38.95000076293945,38.95000076293945,1658500
2025-10-17,38.869998931884766,39.54999923706055,38.869998931884766,39.439998626708984,39.439998626708984,1691500
2025-10-20,39.630001068115234,39.90999984741211,39.290000915527344,39.86000061035156,39.86000061035156,1293800
2025-10-21,39.849998474121094,40.439998626708984,39.7400016784668,40.290000915527344,40.290000915527344,1263100
2025-10-22,40.20000076293945,40.439998626708984,39.58000183105469,39.779998779296875,39.779998779296875,1961900
2025-10-23,39.619998931884766,39.970001220703125,39.2400016784668,39.779998779296875,39.779998779296875,1682300
2025-10-24,40.06999969482422,40.06999969482422,39.439998626708984,39.4900016784668,39.4900016784668,1428000